# Solution of radial Schr. equation for   E(v= 10,J=  0) =  -4705.0996701
# ----------------------------------------------------------------------------
     0.202  0.0000000
     0.203  0.0000000
     0.204  0.0000000
     0.205  0.0000000
     0.206  0.0000000
     0.207  0.0000000
     0.208  0.0000000
     0.209  0.0000000
     0.210  0.0000000
     0.211  0.0000000
     0.212  0.0000000
     0.213  0.0000000
     0.214  0.0000000
     0.215  0.0000000
     0.216  0.0000000
     0.217  0.0000000
     0.218  0.0000000
     0.219  0.0000000
     0.220  0.0000000
     0.221  0.0000000
     0.222  0.0000000
     0.223  0.0000000
     0.224  0.0000000
     0.225  0.0000000
     0.226  0.0000000
     0.227  0.0000000
     0.228  0.0000000
     0.229  0.0000000
     0.230  0.0000000
     0.231  0.0000000
     0.232  0.0000000
     0.233  0.0000000
     0.234  0.0000000
     0.235  0.0000001
     0.236  0.0000001
     0.237  0.0000001
     0.238  0.0000001
     0.239  0.0000001
     0.240  0.0000001
     0.241  0.0000001
     0.242  0.0000001
     0.243  0.0000001
     0.244  0.0000001
     0.245  0.0000001
     0.246  0.0000001
     0.247  0.0000001
     0.248  0.0000001
     0.249  0.0000002
     0.250  0.0000002
     0.251  0.0000002
     0.252  0.0000002
     0.253  0.0000002
     0.254  0.0000002
     0.255  0.0000003
     0.256  0.0000003
     0.257  0.0000003
     0.258  0.0000003
     0.259  0.0000003
     0.260  0.0000004
     0.261  0.0000004
     0.262  0.0000004
     0.263  0.0000005
     0.264  0.0000005
     0.265  0.0000005
     0.266  0.0000006
     0.267  0.0000006
     0.268  0.0000007
     0.269  0.0000007
     0.270  0.0000008
     0.271  0.0000008
     0.272  0.0000009
     0.273  0.0000010
     0.274  0.0000010
     0.275  0.0000011
     0.276  0.0000012
     0.277  0.0000013
     0.278  0.0000014
     0.279  0.0000015
     0.280  0.0000016
     0.281  0.0000017
     0.282  0.0000018
     0.283  0.0000019
     0.284  0.0000021
     0.285  0.0000022
     0.286  0.0000024
     0.287  0.0000025
     0.288  0.0000027
     0.289  0.0000029
     0.290  0.0000031
     0.291  0.0000033
     0.292  0.0000035
     0.293  0.0000038
     0.294  0.0000040
     0.295  0.0000043
     0.296  0.0000046
     0.297  0.0000049
     0.298  0.0000052
     0.299  0.0000056
     0.300  0.0000060
     0.301  0.0000064
     0.302  0.0000068
     0.303  0.0000072
     0.304  0.0000077
     0.305  0.0000082
     0.306  0.0000087
     0.307  0.0000093
     0.308  0.0000099
     0.309  0.0000105
     0.310  0.0000112
     0.311  0.0000119
     0.312  0.0000127
     0.313  0.0000135
     0.314  0.0000143
     0.315  0.0000152
     0.316  0.0000162
     0.317  0.0000172
     0.318  0.0000183
     0.319  0.0000194
     0.320  0.0000206
     0.321  0.0000218
     0.322  0.0000232
     0.323  0.0000246
     0.324  0.0000261
     0.325  0.0000277
     0.326  0.0000293
     0.327  0.0000311
     0.328  0.0000329
     0.329  0.0000349
     0.330  0.0000370
     0.331  0.0000391
     0.332  0.0000414
     0.333  0.0000439
     0.334  0.0000464
     0.335  0.0000491
     0.336  0.0000519
     0.337  0.0000549
     0.338  0.0000581
     0.339  0.0000614
     0.340  0.0000649
     0.341  0.0000686
     0.342  0.0000725
     0.343  0.0000765
     0.344  0.0000808
     0.345  0.0000853
     0.346  0.0000901
     0.347  0.0000951
     0.348  0.0001003
     0.349  0.0001058
     0.350  0.0001116
     0.351  0.0001177
     0.352  0.0001241
     0.353  0.0001308
     0.354  0.0001378
     0.355  0.0001452
     0.356  0.0001530
     0.357  0.0001611
     0.358  0.0001697
     0.359  0.0001786
     0.360  0.0001880
     0.361  0.0001979
     0.362  0.0002082
     0.363  0.0002190
     0.364  0.0002304
     0.365  0.0002422
     0.366  0.0002547
     0.367  0.0002677
     0.368  0.0002814
     0.369  0.0002956
     0.370  0.0003106
     0.371  0.0003262
     0.372  0.0003426
     0.373  0.0003597
     0.374  0.0003776
     0.375  0.0003963
     0.376  0.0004159
     0.377  0.0004364
     0.378  0.0004577
     0.379  0.0004801
     0.380  0.0005034
     0.381  0.0005278
     0.382  0.0005532
     0.383  0.0005798
     0.384  0.0006075
     0.385  0.0006364
     0.386  0.0006666
     0.387  0.0006981
     0.388  0.0007310
     0.389  0.0007653
     0.390  0.0008010
     0.391  0.0008382
     0.392  0.0008771
     0.393  0.0009175
     0.394  0.0009597
     0.395  0.0010036
     0.396  0.0010493
     0.397  0.0010970
     0.398  0.0011466
     0.399  0.0011982
     0.400  0.0012519
     0.401  0.0013078
     0.402  0.0013660
     0.403  0.0014265
     0.404  0.0014894
     0.405  0.0015549
     0.406  0.0016229
     0.407  0.0016937
     0.408  0.0017672
     0.409  0.0018436
     0.410  0.0019230
     0.411  0.0020054
     0.412  0.0020911
     0.413  0.0021800
     0.414  0.0022723
     0.415  0.0023682
     0.416  0.0024676
     0.417  0.0025709
     0.418  0.0026780
     0.419  0.0027891
     0.420  0.0029043
     0.421  0.0030238
     0.422  0.0031477
     0.423  0.0032761
     0.424  0.0034092
     0.425  0.0035472
     0.426  0.0036901
     0.427  0.0038382
     0.428  0.0039916
     0.429  0.0041504
     0.430  0.0043148
     0.431  0.0044851
     0.432  0.0046613
     0.433  0.0048437
     0.434  0.0050324
     0.435  0.0052276
     0.436  0.0054296
     0.437  0.0056384
     0.438  0.0058544
     0.439  0.0060777
     0.440  0.0063085
     0.441  0.0065470
     0.442  0.0067935
     0.443  0.0070482
     0.444  0.0073113
     0.445  0.0075831
     0.446  0.0078637
     0.447  0.0081535
     0.448  0.0084526
     0.449  0.0087614
     0.450  0.0090800
     0.451  0.0094088
     0.452  0.0097480
     0.453  0.0100980
     0.454  0.0104588
     0.455  0.0108310
     0.456  0.0112147
     0.457  0.0116102
     0.458  0.0120178
     0.459  0.0124379
     0.460  0.0128708
     0.461  0.0133167
     0.462  0.0137760
     0.463  0.0142490
     0.464  0.0147361
     0.465  0.0152375
     0.466  0.0157537
     0.467  0.0162850
     0.468  0.0168317
     0.469  0.0173942
     0.470  0.0179728
     0.471  0.0185680
     0.472  0.0191800
     0.473  0.0198093
     0.474  0.0204563
     0.475  0.0211214
     0.476  0.0218049
     0.477  0.0225072
     0.478  0.0232288
     0.479  0.0239701
     0.480  0.0247314
     0.481  0.0255133
     0.482  0.0263160
     0.483  0.0271402
     0.484  0.0279861
     0.485  0.0288543
     0.486  0.0297451
     0.487  0.0306591
     0.488  0.0315967
     0.489  0.0325583
     0.490  0.0335444
     0.491  0.0345554
     0.492  0.0355919
     0.493  0.0366543
     0.494  0.0377431
     0.495  0.0388588
     0.496  0.0400018
     0.497  0.0411727
     0.498  0.0423719
     0.499  0.0435999
     0.500  0.0448572
     0.501  0.0461443
     0.502  0.0474618
     0.503  0.0488100
     0.504  0.0501896
     0.505  0.0516010
     0.506  0.0530447
     0.507  0.0545213
     0.508  0.0560313
     0.509  0.0575751
     0.510  0.0591532
     0.511  0.0607663
     0.512  0.0624147
     0.513  0.0640991
     0.514  0.0658199
     0.515  0.0675776
     0.516  0.0693727
     0.517  0.0712058
     0.518  0.0730773
     0.519  0.0749878
     0.520  0.0769377
     0.521  0.0789276
     0.522  0.0809579
     0.523  0.0830292
     0.524  0.0851419
     0.525  0.0872965
     0.526  0.0894935
     0.527  0.0917333
     0.528  0.0940165
     0.529  0.0963436
     0.530  0.0987148
     0.531  0.1011308
     0.532  0.1035919
     0.533  0.1060987
     0.534  0.1086515
     0.535  0.1112507
     0.536  0.1138968
     0.537  0.1165902
     0.538  0.1193312
     0.539  0.1221203
     0.540  0.1249578
     0.541  0.1278442
     0.542  0.1307797
     0.543  0.1337647
     0.544  0.1367995
     0.545  0.1398845
     0.546  0.1430200
     0.547  0.1462062
     0.548  0.1494434
     0.549  0.1527320
     0.550  0.1560721
     0.551  0.1594639
     0.552  0.1629078
     0.553  0.1664039
     0.554  0.1699524
     0.555  0.1735534
     0.556  0.1772071
     0.557  0.1809137
     0.558  0.1846732
     0.559  0.1884858
     0.560  0.1923515
     0.561  0.1962704
     0.562  0.2002425
     0.563  0.2042678
     0.564  0.2083463
     0.565  0.2124780
     0.566  0.2166628
     0.567  0.2209007
     0.568  0.2251914
     0.569  0.2295350
     0.570  0.2339313
     0.571  0.2383800
     0.572  0.2428809
     0.573  0.2474340
     0.574  0.2520388
     0.575  0.2566950
     0.576  0.2614025
     0.577  0.2661608
     0.578  0.2709696
     0.579  0.2758284
     0.580  0.2807369
     0.581  0.2856946
     0.582  0.2907010
     0.583  0.2957555
     0.584  0.3008577
     0.585  0.3060068
     0.586  0.3112025
     0.587  0.3164438
     0.588  0.3217303
     0.589  0.3270612
     0.590  0.3324357
     0.591  0.3378530
     0.592  0.3433124
     0.593  0.3488130
     0.594  0.3543538
     0.595  0.3599341
     0.596  0.3655528
     0.597  0.3712089
     0.598  0.3769014
     0.599  0.3826293
     0.600  0.3883915
     0.601  0.3941868
     0.602  0.4000140
     0.603  0.4058720
     0.604  0.4117594
     0.605  0.4176751
     0.606  0.4236177
     0.607  0.4295859
     0.608  0.4355782
     0.609  0.4415933
     0.610  0.4476296
     0.611  0.4536857
     0.612  0.4597601
     0.613  0.4658511
     0.614  0.4719572
     0.615  0.4780766
     0.616  0.4842078
     0.617  0.4903490
     0.618  0.4964984
     0.619  0.5026543
     0.620  0.5088148
     0.621  0.5149780
     0.622  0.5211422
     0.623  0.5273052
     0.624  0.5334653
     0.625  0.5396203
     0.626  0.5457682
     0.627  0.5519070
     0.628  0.5580345
     0.629  0.5641487
     0.630  0.5702474
     0.631  0.5763283
     0.632  0.5823893
     0.633  0.5884280
     0.634  0.5944423
     0.635  0.6004298
     0.636  0.6063881
     0.637  0.6123149
     0.638  0.6182078
     0.639  0.6240644
     0.640  0.6298821
     0.641  0.6356587
     0.642  0.6413914
     0.643  0.6470779
     0.644  0.6527156
     0.645  0.6583020
     0.646  0.6638344
     0.647  0.6693102
     0.648  0.6747269
     0.649  0.6800818
     0.650  0.6853722
     0.651  0.6905956
     0.652  0.6957491
     0.653  0.7008302
     0.654  0.7058361
     0.655  0.7107641
     0.656  0.7156115
     0.657  0.7203756
     0.658  0.7250536
     0.659  0.7296428
     0.660  0.7341404
     0.661  0.7385437
     0.662  0.7428499
     0.663  0.7470564
     0.664  0.7511603
     0.665  0.7551589
     0.666  0.7590494
     0.667  0.7628292
     0.668  0.7664955
     0.669  0.7700456
     0.670  0.7734768
     0.671  0.7767864
     0.672  0.7799717
     0.673  0.7830300
     0.674  0.7859586
     0.675  0.7887551
     0.676  0.7914167
     0.677  0.7939408
     0.678  0.7963249
     0.679  0.7985664
     0.680  0.8006628
     0.681  0.8026117
     0.682  0.8044105
     0.683  0.8060568
     0.684  0.8075483
     0.685  0.8088825
     0.686  0.8100571
     0.687  0.8110699
     0.688  0.8119186
     0.689  0.8126009
     0.690  0.8131148
     0.691  0.8134580
     0.692  0.8136285
     0.693  0.8136244
     0.694  0.8134434
     0.695  0.8130839
     0.696  0.8125438
     0.697  0.8118214
     0.698  0.8109149
     0.699  0.8098226
     0.700  0.8085428
     0.701  0.8070739
     0.702  0.8054144
     0.703  0.8035628
     0.704  0.8015178
     0.705  0.7992780
     0.706  0.7968422
     0.707  0.7942090
     0.708  0.7913775
     0.709  0.7883465
     0.710  0.7851152
     0.711  0.7816825
     0.712  0.7780476
     0.713  0.7742099
     0.714  0.7701686
     0.715  0.7659232
     0.716  0.7614731
     0.717  0.7568179
     0.718  0.7519573
     0.719  0.7468910
     0.720  0.7416189
     0.721  0.7361409
     0.722  0.7304570
     0.723  0.7245673
     0.724  0.7184719
     0.725  0.7121713
     0.726  0.7056656
     0.727  0.6989555
     0.728  0.6920415
     0.729  0.6849242
     0.730  0.6776043
     0.731  0.6700829
     0.732  0.6623606
     0.733  0.6544388
     0.734  0.6463184
     0.735  0.6380006
     0.736  0.6294870
     0.737  0.6207788
     0.738  0.6118777
     0.739  0.6027852
     0.740  0.5935031
     0.741  0.5840332
     0.742  0.5743776
     0.743  0.5645381
     0.744  0.5545170
     0.745  0.5443165
     0.746  0.5339389
     0.747  0.5233867
     0.748  0.5126624
     0.749  0.5017686
     0.750  0.4907082
     0.751  0.4794838
     0.752  0.4680985
     0.753  0.4565553
     0.754  0.4448573
     0.755  0.4330078
     0.756  0.4210100
     0.757  0.4088674
     0.758  0.3965835
     0.759  0.3841618
     0.760  0.3716062
     0.761  0.3589203
     0.762  0.3461080
     0.763  0.3331733
     0.764  0.3201203
     0.765  0.3069531
     0.766  0.2936759
     0.767  0.2802930
     0.768  0.2668088
     0.769  0.2532277
     0.770  0.2395544
     0.771  0.2257934
     0.772  0.2119495
     0.773  0.1980273
     0.774  0.1840318
     0.775  0.1699679
     0.776  0.1558405
     0.777  0.1416547
     0.778  0.1274157
     0.779  0.1131285
     0.780  0.0987985
     0.781  0.0844308
     0.782  0.0700309
     0.783  0.0556042
     0.784  0.0411561
     0.785  0.0266921
     0.786  0.0122178
     0.787 -0.0022612
     0.788 -0.0167394
     0.789 -0.0312110
     0.790 -0.0456704
     0.791 -0.0601117
     0.792 -0.0745293
     0.793 -0.0889174
     0.794 -0.1032700
     0.795 -0.1175814
     0.796 -0.1318458
     0.797 -0.1460571
     0.798 -0.1602096
     0.799 -0.1742974
     0.800 -0.1883144
     0.801 -0.2022549
     0.802 -0.2161128
     0.803 -0.2298824
     0.804 -0.2435576
     0.805 -0.2571325
     0.806 -0.2706014
     0.807 -0.2839582
     0.808 -0.2971972
     0.809 -0.3103125
     0.810 -0.3232982
     0.811 -0.3361486
     0.812 -0.3488580
     0.813 -0.3614205
     0.814 -0.3738306
     0.815 -0.3860825
     0.816 -0.3981706
     0.817 -0.4100894
     0.818 -0.4218334
     0.819 -0.4333970
     0.820 -0.4447750
     0.821 -0.4559619
     0.822 -0.4669524
     0.823 -0.4777413
     0.824 -0.4883235
     0.825 -0.4986939
     0.826 -0.5088474
     0.827 -0.5187792
     0.828 -0.5284843
     0.829 -0.5379580
     0.830 -0.5471956
     0.831 -0.5561926
     0.832 -0.5649443
     0.833 -0.5734465
     0.834 -0.5816947
     0.835 -0.5896847
     0.836 -0.5974126
     0.837 -0.6048741
     0.838 -0.6120656
     0.839 -0.6189830
     0.840 -0.6256229
     0.841 -0.6319816
     0.842 -0.6380557
     0.843 -0.6438419
     0.844 -0.6493370
     0.845 -0.6545379
     0.846 -0.6594417
     0.847 -0.6640455
     0.848 -0.6683468
     0.849 -0.6723429
     0.850 -0.6760314
     0.851 -0.6794102
     0.852 -0.6824770
     0.853 -0.6852299
     0.854 -0.6876670
     0.855 -0.6897866
     0.856 -0.6915873
     0.857 -0.6930675
     0.858 -0.6942261
     0.859 -0.6950619
     0.860 -0.6955740
     0.861 -0.6957617
     0.862 -0.6956242
     0.863 -0.6951611
     0.864 -0.6943721
     0.865 -0.6932570
     0.866 -0.6918159
     0.867 -0.6900487
     0.868 -0.6879560
     0.869 -0.6855381
     0.870 -0.6827958
     0.871 -0.6797297
     0.872 -0.6763408
     0.873 -0.6726304
     0.874 -0.6685995
     0.875 -0.6642498
     0.876 -0.6595828
     0.877 -0.6546003
     0.878 -0.6493042
     0.879 -0.6436966
     0.880 -0.6377797
     0.881 -0.6315560
     0.882 -0.6250280
     0.883 -0.6181985
     0.884 -0.6110704
     0.885 -0.6036467
     0.886 -0.5959306
     0.887 -0.5879254
     0.888 -0.5796347
     0.889 -0.5710621
     0.890 -0.5622115
     0.891 -0.5530867
     0.892 -0.5436920
     0.893 -0.5340316
     0.894 -0.5241098
     0.895 -0.5139312
     0.896 -0.5035005
     0.897 -0.4928225
     0.898 -0.4819022
     0.899 -0.4707447
     0.900 -0.4593551
     0.901 -0.4477389
     0.902 -0.4359015
     0.903 -0.4238485
     0.904 -0.4115857
     0.905 -0.3991188
     0.906 -0.3864539
     0.907 -0.3735971
     0.908 -0.3605545
     0.909 -0.3473324
     0.910 -0.3339372
     0.911 -0.3203754
     0.912 -0.3066537
     0.913 -0.2927787
     0.914 -0.2787572
     0.915 -0.2645960
     0.916 -0.2503023
     0.917 -0.2358829
     0.918 -0.2213450
     0.919 -0.2066959
     0.920 -0.1919427
     0.921 -0.1770928
     0.922 -0.1621537
     0.923 -0.1471327
     0.924 -0.1320374
     0.925 -0.1168753
     0.926 -0.1016541
     0.927 -0.0863815
     0.928 -0.0710650
     0.929 -0.0557125
     0.930 -0.0403317
     0.931 -0.0249304
     0.932 -0.0095164
     0.933  0.0059024
     0.934  0.0213182
     0.935  0.0367231
     0.936  0.0521093
     0.937  0.0674689
     0.938  0.0827940
     0.939  0.0980768
     0.940  0.1133094
     0.941  0.1284839
     0.942  0.1435926
     0.943  0.1586276
     0.944  0.1735812
     0.945  0.1884457
     0.946  0.2032132
     0.947  0.2178763
     0.948  0.2324272
     0.949  0.2468584
     0.950  0.2611623
     0.951  0.2753316
     0.952  0.2893587
     0.953  0.3032365
     0.954  0.3169575
     0.955  0.3305146
     0.956  0.3439008
     0.957  0.3571089
     0.958  0.3701319
     0.959  0.3829632
     0.960  0.3955958
     0.961  0.4080232
     0.962  0.4202387
     0.963  0.4322358
     0.964  0.4440083
     0.965  0.4555499
     0.966  0.4668544
     0.967  0.4779158
     0.968  0.4887283
     0.969  0.4992860
     0.970  0.5095834
     0.971  0.5196149
     0.972  0.5293752
     0.973  0.5388590
     0.974  0.5480613
     0.975  0.5569771
     0.976  0.5656016
     0.977  0.5739301
     0.978  0.5819583
     0.979  0.5896816
     0.980  0.5970960
     0.981  0.6041974
     0.982  0.6109820
     0.983  0.6174461
     0.984  0.6235862
     0.985  0.6293988
     0.986  0.6348808
     0.987  0.6400293
     0.988  0.6448413
     0.989  0.6493142
     0.990  0.6534456
     0.991  0.6572331
     0.992  0.6606746
     0.993  0.6637682
     0.994  0.6665121
     0.995  0.6689048
     0.996  0.6709448
     0.997  0.6726311
     0.998  0.6739625
     0.999  0.6749383
     1.000  0.6755579
     1.001  0.6758208
     1.002  0.6757267
     1.003  0.6752757
     1.004  0.6744678
     1.005  0.6733034
     1.006  0.6717830
     1.007  0.6699072
     1.008  0.6676771
     1.009  0.6650937
     1.010  0.6621582
     1.011  0.6588722
     1.012  0.6552373
     1.013  0.6512553
     1.014  0.6469283
     1.015  0.6422585
     1.016  0.6372482
     1.017  0.6319002
     1.018  0.6262170
     1.019  0.6202018
     1.020  0.6138575
     1.021  0.6071876
     1.022  0.6001955
     1.023  0.5928848
     1.024  0.5852594
     1.025  0.5773232
     1.026  0.5690805
     1.027  0.5605356
     1.028  0.5516929
     1.029  0.5425571
     1.030  0.5331330
     1.031  0.5234257
     1.032  0.5134401
     1.033  0.5031817
     1.034  0.4926557
     1.035  0.4818679
     1.036  0.4708238
     1.037  0.4595293
     1.038  0.4479904
     1.039  0.4362133
     1.040  0.4242041
     1.041  0.4119693
     1.042  0.3995153
     1.043  0.3868487
     1.044  0.3739763
     1.045  0.3609049
     1.046  0.3476415
     1.047  0.3341930
     1.048  0.3205666
     1.049  0.3067697
     1.050  0.2928094
     1.051  0.2786933
     1.052  0.2644289
     1.053  0.2500237
     1.054  0.2354854
     1.055  0.2208217
     1.056  0.2060405
     1.057  0.1911496
     1.058  0.1761570
     1.059  0.1610706
     1.060  0.1458984
     1.061  0.1306486
     1.062  0.1153292
     1.063  0.0999484
     1.064  0.0845144
     1.065  0.0690355
     1.066  0.0535197
     1.067  0.0379755
     1.068  0.0224111
     1.069  0.0068348
     1.070 -0.0087452
     1.071 -0.0243205
     1.072 -0.0398829
     1.073 -0.0554241
     1.074 -0.0709357
     1.075 -0.0864097
     1.076 -0.1018376
     1.077 -0.1172114
     1.078 -0.1325229
     1.079 -0.1477638
     1.080 -0.1629262
     1.081 -0.1780020
     1.082 -0.1929831
     1.083 -0.2078616
     1.084 -0.2226296
     1.085 -0.2372793
     1.086 -0.2518028
     1.087 -0.2661926
     1.088 -0.2804409
     1.089 -0.2945402
     1.090 -0.3084831
     1.091 -0.3222621
     1.092 -0.3358700
     1.093 -0.3492996
     1.094 -0.3625437
     1.095 -0.3755953
     1.096 -0.3884476
     1.097 -0.4010938
     1.098 -0.4135272
     1.099 -0.4257412
     1.100 -0.4377293
     1.101 -0.4494854
     1.102 -0.4610031
     1.103 -0.4722765
     1.104 -0.4832995
     1.105 -0.4940665
     1.106 -0.5045716
     1.107 -0.5148095
     1.108 -0.5247748
     1.109 -0.5344622
     1.110 -0.5438666
     1.111 -0.5529832
     1.112 -0.5618072
     1.113 -0.5703339
     1.114 -0.5785590
     1.115 -0.5864782
     1.116 -0.5940872
     1.117 -0.6013823
     1.118 -0.6083595
     1.119 -0.6150154
     1.120 -0.6213464
     1.121 -0.6273493
     1.122 -0.6330210
     1.123 -0.6383586
     1.124 -0.6433593
     1.125 -0.6480207
     1.126 -0.6523403
     1.127 -0.6563160
     1.128 -0.6599457
     1.129 -0.6632276
     1.130 -0.6661602
     1.131 -0.6687419
     1.132 -0.6709715
     1.133 -0.6728479
     1.134 -0.6743703
     1.135 -0.6755379
     1.136 -0.6763502
     1.137 -0.6768070
     1.138 -0.6769080
     1.139 -0.6766533
     1.140 -0.6760433
     1.141 -0.6750782
     1.142 -0.6737588
     1.143 -0.6720857
     1.144 -0.6700602
     1.145 -0.6676832
     1.146 -0.6649561
     1.147 -0.6618806
     1.148 -0.6584583
     1.149 -0.6546912
     1.150 -0.6505812
     1.151 -0.6461308
     1.152 -0.6413423
     1.153 -0.6362184
     1.154 -0.6307619
     1.155 -0.6249757
     1.156 -0.6188630
     1.157 -0.6124270
     1.158 -0.6056713
     1.159 -0.5985996
     1.160 -0.5912155
     1.161 -0.5835232
     1.162 -0.5755266
     1.163 -0.5672301
     1.164 -0.5586382
     1.165 -0.5497554
     1.166 -0.5405864
     1.167 -0.5311362
     1.168 -0.5214097
     1.169 -0.5114122
     1.170 -0.5011488
     1.171 -0.4906252
     1.172 -0.4798468
     1.173 -0.4688193
     1.174 -0.4575486
     1.175 -0.4460406
     1.176 -0.4343013
     1.177 -0.4223371
     1.178 -0.4101540
     1.179 -0.3977586
     1.180 -0.3851574
     1.181 -0.3723569
     1.182 -0.3593639
     1.183 -0.3461851
     1.184 -0.3328275
     1.185 -0.3192980
     1.186 -0.3056037
     1.187 -0.2917518
     1.188 -0.2777494
     1.189 -0.2636038
     1.190 -0.2493224
     1.191 -0.2349126
     1.192 -0.2203818
     1.193 -0.2057377
     1.194 -0.1909878
     1.195 -0.1761397
     1.196 -0.1612011
     1.197 -0.1461797
     1.198 -0.1310833
     1.199 -0.1159196
     1.200 -0.1006964
     1.201 -0.0854217
     1.202 -0.0701032
     1.203 -0.0547488
     1.204 -0.0393664
     1.205 -0.0239638
     1.206 -0.0085490
     1.207  0.0068702
     1.208  0.0222859
     1.209  0.0376902
     1.210  0.0530753
     1.211  0.0684333
     1.212  0.0837564
     1.213  0.0990368
     1.214  0.1142669
     1.215  0.1294387
     1.216  0.1445447
     1.217  0.1595773
     1.218  0.1745287
     1.219  0.1893915
     1.220  0.2041581
     1.221  0.2188212
     1.222  0.2333733
     1.223  0.2478072
     1.224  0.2621155
     1.225  0.2762911
     1.226  0.2903269
     1.227  0.3042159
     1.228  0.3179512
     1.229  0.3315258
     1.230  0.3449331
     1.231  0.3581663
     1.232  0.3712189
     1.233  0.3840844
     1.234  0.3967564
     1.235  0.4092287
     1.236  0.4214951
     1.237  0.4335495
     1.238  0.4453860
     1.239  0.4569989
     1.240  0.4683823
     1.241  0.4795307
     1.242  0.4904387
     1.243  0.5011009
     1.244  0.5115122
     1.245  0.5216674
     1.246  0.5315617
     1.247  0.5411902
     1.248  0.5505484
     1.249  0.5596316
     1.250  0.5684356
     1.251  0.5769561
     1.252  0.5851890
     1.253  0.5931304
     1.254  0.6007765
     1.255  0.6081238
     1.256  0.6151687
     1.257  0.6219079
     1.258  0.6283383
     1.259  0.6344568
     1.260  0.6402607
     1.261  0.6457472
     1.262  0.6509139
     1.263  0.6557583
     1.264  0.6602784
     1.265  0.6644719
     1.266  0.6683372
     1.267  0.6718725
     1.268  0.6750762
     1.269  0.6779470
     1.270  0.6804837
     1.271  0.6826852
     1.272  0.6845508
     1.273  0.6860796
     1.274  0.6872712
     1.275  0.6881252
     1.276  0.6886415
     1.277  0.6888198
     1.278  0.6886605
     1.279  0.6881638
     1.280  0.6873302
     1.281  0.6861603
     1.282  0.6846550
     1.283  0.6828150
     1.284  0.6806417
     1.285  0.6781363
     1.286  0.6753002
     1.287  0.6721350
     1.288  0.6686426
     1.289  0.6648248
     1.290  0.6606836
     1.291  0.6562215
     1.292  0.6514406
     1.293  0.6463436
     1.294  0.6409332
     1.295  0.6352122
     1.296  0.6291836
     1.297  0.6228505
     1.298  0.6162162
     1.299  0.6092842
     1.300  0.6020579
     1.301  0.5945411
     1.302  0.5867376
     1.303  0.5786513
     1.304  0.5702865
     1.305  0.5616472
     1.306  0.5527378
     1.307  0.5435629
     1.308  0.5341270
     1.309  0.5244348
     1.310  0.5144912
     1.311  0.5043011
     1.312  0.4938696
     1.313  0.4832018
     1.314  0.4723030
     1.315  0.4611786
     1.316  0.4498341
     1.317  0.4382750
     1.318  0.4265070
     1.319  0.4145359
     1.320  0.4023675
     1.321  0.3900077
     1.322  0.3774626
     1.323  0.3647383
     1.324  0.3518408
     1.325  0.3387766
     1.326  0.3255519
     1.327  0.3121730
     1.328  0.2986465
     1.329  0.2849788
     1.330  0.2711765
     1.331  0.2572462
     1.332  0.2431946
     1.333  0.2290284
     1.334  0.2147543
     1.335  0.2003792
     1.336  0.1859099
     1.337  0.1713532
     1.338  0.1567162
     1.339  0.1420055
     1.340  0.1272284
     1.341  0.1123916
     1.342  0.0975023
     1.343  0.0825674
     1.344  0.0675938
     1.345  0.0525888
     1.346  0.0375592
     1.347  0.0225121
     1.348  0.0074545
     1.349 -0.0076066
     1.350 -0.0226641
     1.351 -0.0377111
1.352 -0.0527406
1.353 -0.0677457
1.354 -0.0827193
1.355 -0.0976546
1.356 -0.1125447
1.357 -0.1273828
1.358 -0.1421621
1.359 -0.1568757
1.360 -0.1715170
1.361 -0.1860792
1.362 -0.2005557
1.363 -0.2149400
1.364 -0.2292255
1.365 -0.2434056
1.366 -0.2574741
1.367 -0.2714244
1.368 -0.2852505
1.369 -0.2989459
1.370 -0.3125045
1.371 -0.3259204
1.372 -0.3391874
1.373 -0.3522996
1.374 -0.3652512
1.375 -0.3780364
1.376 -0.3906496
1.377 -0.4030852
1.378 -0.4153375
1.379 -0.4274014
1.380 -0.4392713
1.381 -0.4509422
1.382 -0.4624089
1.383 -0.4736664
1.384 -0.4847098
1.385 -0.4955342
1.386 -0.5061350
1.387 -0.5165077
1.388 -0.5266476
1.389 -0.5365505
1.390 -0.5462122
1.391 -0.5556284
1.392 -0.5647951
1.393 -0.5737086
1.394 -0.5823649
1.395 -0.5907605
1.396 -0.5988918
1.397 -0.6067554
1.398 -0.6143481
1.399 -0.6216667
1.400 -0.6287081
1.401 -0.6354695
1.402 -0.6419482
1.403 -0.6481415
1.404 -0.6540468
1.405 -0.6596619
1.406 -0.6649845
1.407 -0.6700125
1.408 -0.6747439
1.409 -0.6791770
1.410 -0.6833100
1.411 -0.6871414
1.412 -0.6906697
1.413 -0.6938937
1.414 -0.6968123
1.415 -0.6994244
1.416 -0.7017291
1.417 -0.7037258
1.418 -0.7054138
1.419 -0.7067927
1.420 -0.7078621
1.421 -0.7086219
1.422 -0.7090721
1.423 -0.7092126
1.424 -0.7090438
1.425 -0.7085660
1.426 -0.7077797
1.427 -0.7066854
1.428 -0.7052841
1.429 -0.7035766
1.430 -0.7015638
1.431 -0.6992470
1.432 -0.6966275
1.433 -0.6937066
1.434 -0.6904859
1.435 -0.6869671
1.436 -0.6831519
1.437 -0.6790424
1.438 -0.6746405
1.439 -0.6699484
1.440 -0.6649685
1.441 -0.6597030
1.442 -0.6541546
1.443 -0.6483259
1.444 -0.6422196
1.445 -0.6358387
1.446 -0.6291861
1.447 -0.6222649
1.448 -0.6150783
1.449 -0.6076297
1.450 -0.5999225
1.451 -0.5919601
1.452 -0.5837463
1.453 -0.5752847
1.454 -0.5665792
1.455 -0.5576338
1.456 -0.5484523
1.457 -0.5390390
1.458 -0.5293980
1.459 -0.5195336
1.460 -0.5094502
1.461 -0.4991523
1.462 -0.4886444
1.463 -0.4779311
1.464 -0.4670172
1.465 -0.4559073
1.466 -0.4446064
1.467 -0.4331194
1.468 -0.4214512
1.469 -0.4096069
1.470 -0.3975917
1.471 -0.3854107
1.472 -0.3730691
1.473 -0.3605723
1.474 -0.3479255
1.475 -0.3351343
1.476 -0.3222040
1.477 -0.3091402
1.478 -0.2959483
1.479 -0.2826341
1.480 -0.2692030
1.481 -0.2556608
1.482 -0.2420131
1.483 -0.2282658
1.484 -0.2144245
1.485 -0.2004950
1.486 -0.1864832
1.487 -0.1723949
1.488 -0.1582359
1.489 -0.1440121
1.490 -0.1297294
1.491 -0.1153936
1.492 -0.1010108
1.493 -0.0865868
1.494 -0.0721275
1.495 -0.0576388
1.496 -0.0431267
1.497 -0.0285971
1.498 -0.0140559
1.499  0.0004911
1.500  0.0150378
1.501  0.0295784
1.502  0.0441071
1.503  0.0586180
1.504  0.0731053
1.505  0.0875631
1.506  0.1019856
1.507  0.1163672
1.508  0.1307021
1.509  0.1449845
1.510  0.1592089
1.511  0.1733695
1.512  0.1874608
1.513  0.2014772
1.514  0.2154133
1.515  0.2292634
1.516  0.2430223
1.517  0.2566846
1.518  0.2702448
1.519  0.2836978
1.520  0.2970383
1.521  0.3102612
1.522  0.3233613
1.523  0.3363337
1.524  0.3491732
1.525  0.3618751
1.526  0.3744344
1.527  0.3868464
1.528  0.3991063
1.529  0.4112095
1.530  0.4231513
1.531  0.4349274
1.532  0.4465333
1.533  0.4579646
1.534  0.4692170
1.535  0.4802863
1.536  0.4911685
1.537  0.5018595
1.538  0.5123553
1.539  0.5226522
1.540  0.5327462
1.541  0.5426337
1.542  0.5523112
1.543  0.5617750
1.544  0.5710219
1.545  0.5800483
1.546  0.5888512
1.547  0.5974274
1.548  0.6057737
1.549  0.6138874
1.550  0.6217654
1.551  0.6294051
1.552  0.6368038
1.553  0.6439589
1.554  0.6508680
1.555  0.6575287
1.556  0.6639387
1.557  0.6700959
1.558  0.6759982
1.559  0.6816436
1.560  0.6870304
1.561  0.6921567
1.562  0.6970209
1.563  0.7016214
1.564  0.7059569
1.565  0.7100260
1.566  0.7138274
1.567  0.7173600
1.568  0.7206228
1.569  0.7236148
1.570  0.7263353
1.571  0.7287836
1.572  0.7309589
1.573  0.7328610
1.574  0.7344892
1.575  0.7358434
1.576  0.7369233
1.577  0.7377288
1.578  0.7382600
1.579  0.7385171
1.580  0.7385001
1.581  0.7382094
1.582  0.7376455
1.583  0.7368088
1.584  0.7357001
1.585  0.7343199
1.586  0.7326692
1.587  0.7307488
1.588  0.7285598
1.589  0.7261033
1.590  0.7233805
1.591  0.7203928
1.592  0.7171414
1.593  0.7136279
1.594  0.7098539
1.595  0.7058211
1.596  0.7015312
1.597  0.6969861
1.598  0.6921878
1.599  0.6871383
1.600  0.6818397
1.601  0.6762942
1.602  0.6705041
1.603  0.6644719
1.604  0.6581999
1.605  0.6516907
1.606  0.6449470
1.607  0.6379714
1.608  0.6307667
1.609  0.6233358
1.610  0.6156815
1.611  0.6078070
1.612  0.5997153
1.613  0.5914095
1.614  0.5828928
1.615  0.5741686
1.616  0.5652401
1.617  0.5561109
1.618  0.5467843
1.619  0.5372639
1.620  0.5275534
1.621  0.5176564
1.622  0.5075765
1.623  0.4973176
1.624  0.4868836
1.625  0.4762782
1.626  0.4655055
1.627  0.4545693
1.628  0.4434739
1.629  0.4322231
1.630  0.4208212
1.631  0.4092723
1.632  0.3975806
1.633  0.3857503
1.634  0.3737858
1.635  0.3616914
1.636  0.3494715
1.637  0.3371303
1.638  0.3246724
1.639  0.3121022
1.640  0.2994242
1.641  0.2866429
1.642  0.2737627
1.643  0.2607884
1.644  0.2477244
1.645  0.2345754
1.646  0.2213459
1.647  0.2080406
1.648  0.1946641
1.649  0.1812211
1.650  0.1677163
1.651  0.1541544
1.652  0.1405399
1.653  0.1268777
1.654  0.1131724
1.655  0.0994288
1.656  0.0856514
1.657  0.0718451
1.658  0.0580145
1.659  0.0441644
1.660  0.0302993
1.661  0.0164241
1.662  0.0025433
1.663 -0.0113383
1.664 -0.0252161
1.665 -0.0390855
1.666 -0.0529418
1.667 -0.0667804
1.668 -0.0805967
1.669 -0.0943862
1.670 -0.1081443
1.671 -0.1218665
1.672 -0.1355482
1.673 -0.1491850
1.674 -0.1627723
1.675 -0.1763059
1.676 -0.1897813
1.677 -0.2031941
1.678 -0.2165399
1.679 -0.2298146
1.680 -0.2430137
1.681 -0.2561331
1.682 -0.2691686
1.683 -0.2821160
1.684 -0.2949712
1.685 -0.3077302
1.686 -0.3203888
1.687 -0.3329431
1.688 -0.3453892
1.689 -0.3577231
1.690 -0.3699410
1.691 -0.3820391
1.692 -0.3940137
1.693 -0.4058610
1.694 -0.4175773
1.695 -0.4291591
1.696 -0.4406029
1.697 -0.4519050
1.698 -0.4630621
1.699 -0.4740709
1.700 -0.4849279
1.701 -0.4956298
1.702 -0.5061736
1.703 -0.5165560
1.704 -0.5267739
1.705 -0.5368244
1.706 -0.5467043
1.707 -0.5564109
1.708 -0.5659413
1.709 -0.5752927
1.710 -0.5844624
1.711 -0.5934477
1.712 -0.6022460
1.713 -0.6108549
1.714 -0.6192718
1.715 -0.6274945
1.716 -0.6355205
1.717 -0.6433477
1.718 -0.6509738
1.719 -0.6583967
1.720 -0.6656144
1.721 -0.6726250
1.722 -0.6794265
1.723 -0.6860170
1.724 -0.6923950
1.725 -0.6985585
1.726 -0.7045061
1.727 -0.7102362
1.728 -0.7157473
1.729 -0.7210380
1.730 -0.7261070
1.731 -0.7309530
1.732 -0.7355749
1.733 -0.7399716
1.734 -0.7441419
1.735 -0.7480849
1.736 -0.7517999
1.737 -0.7552858
1.738 -0.7585420
1.739 -0.7615678
1.740 -0.7643626
1.741 -0.7669259
1.742 -0.7692572
1.743 -0.7713562
1.744 -0.7732224
1.745 -0.7748557
1.746 -0.7762560
1.747 -0.7774230
1.748 -0.7783568
1.749 -0.7790575
1.750 -0.7795250
1.751 -0.7797597
1.752 -0.7797618
1.753 -0.7795316
1.754 -0.7790694
1.755 -0.7783758
1.756 -0.7774513
1.757 -0.7762965
1.758 -0.7749119
1.759 -0.7732985
1.760 -0.7714569
1.761 -0.7693881
1.762 -0.7670929
1.763 -0.7645723
1.764 -0.7618275
1.765 -0.7588595
1.766 -0.7556695
1.767 -0.7522587
1.768 -0.7486285
1.769 -0.7447802
1.770 -0.7407153
1.771 -0.7364352
1.772 -0.7319416
1.773 -0.7272359
1.774 -0.7223198
1.775 -0.7171952
1.776 -0.7118637
1.777 -0.7063272
1.778 -0.7005875
1.779 -0.6946467
1.780 -0.6885066
1.781 -0.6821694
1.782 -0.6756372
1.783 -0.6689120
1.784 -0.6619961
1.785 -0.6548917
1.786 -0.6476011
1.787 -0.6401267
1.788 -0.6324708
1.789 -0.6246359
1.790 -0.6166244
1.791 -0.6084389
1.792 -0.6000819
1.793 -0.5915560
1.794 -0.5828638
1.795 -0.5740081
1.796 -0.5649916
1.797 -0.5558170
1.798 -0.5464870
1.799 -0.5370047
1.800 -0.5273727
1.801 -0.5175940
1.802 -0.5076716
1.803 -0.4976083
1.804 -0.4874073
1.805 -0.4770714
1.806 -0.4666038
1.807 -0.4560076
1.808 -0.4452858
1.809 -0.4344417
1.810 -0.4234782
1.811 -0.4123987
1.812 -0.4012063
1.813 -0.3899043
1.814 -0.3784958
1.815 -0.3669843
1.816 -0.3553729
1.817 -0.3436649
1.818 -0.3318638
1.819 -0.3199727
1.820 -0.3079951
1.821 -0.2959344
1.822 -0.2837938
1.823 -0.2715768
1.824 -0.2592869
1.825 -0.2469273
1.826 -0.2345015
1.827 -0.2220130
1.828 -0.2094652
1.829 -0.1968615
1.830 -0.1842053
1.831 -0.1715001
1.832 -0.1587494
1.833 -0.1459566
1.834 -0.1331251
1.835 -0.1202584
1.836 -0.1073600
1.837 -0.0944333
1.838 -0.0814817
1.839 -0.0685087
1.840 -0.0555178
1.841 -0.0425123
1.842 -0.0294957
1.843 -0.0164713
1.844 -0.0034427
1.845  0.0095868
1.846  0.0226139
1.847  0.0356350
1.848  0.0486470
1.849  0.0616463
1.850  0.0746297
1.851  0.0875939
1.852  0.1005355
1.853  0.1134512
1.854  0.1263379
1.855  0.1391921
1.856  0.1520107
1.857  0.1647904
1.858  0.1775281
1.859  0.1902206
1.860  0.2028646
1.861  0.2154572
1.862  0.2279951
1.863  0.2404753
1.864  0.2528947
1.865  0.2652502
1.866  0.2775390
1.867  0.2897578
1.868  0.3019039
1.869  0.3139743
1.870  0.3259661
1.871  0.3378763
1.872  0.3497022
1.873  0.3614410
1.874  0.3730898
1.875  0.3846459
1.876  0.3961066
1.877  0.4074692
1.878  0.4187311
1.879  0.4298896
1.880  0.4409421
1.881  0.4518861
1.882  0.4627191
1.883  0.4734387
1.884  0.4840422
1.885  0.4945274
1.886  0.5048919
1.887  0.5151334
1.888  0.5252495
1.889  0.5352380
1.890  0.5450967
1.891  0.5548234
1.892  0.5644160
1.893  0.5738723
1.894  0.5831904
1.895  0.5923681
1.896  0.6014036
1.897  0.6102948
1.898  0.6190400
1.899  0.6276372
1.900  0.6360846
1.901  0.6443804
1.902  0.6525230
1.903  0.6605107
1.904  0.6683418
1.905  0.6760147
1.906  0.6835278
1.907  0.6908797
1.908  0.6980689
1.909  0.7050940
1.910  0.7119536
1.911  0.7186463
1.912  0.7251709
1.913  0.7315261
1.914  0.7377107
1.915  0.7437236
1.916  0.7495636
1.917  0.7552297
1.918  0.7607209
1.919  0.7660362
1.920  0.7711746
1.921  0.7761353
1.922  0.7809174
1.923  0.7855201
1.924  0.7899427
1.925  0.7941844
1.926  0.7982446
1.927  0.8021227
1.928  0.8058181
1.929  0.8093303
1.930  0.8126587
1.931  0.8158029
1.932  0.8187626
1.933  0.8215373
1.934  0.8241269
1.935  0.8265309
1.936  0.8287491
1.937  0.8307815
1.938  0.8326278
1.939  0.8342880
1.940  0.8357620
1.941  0.8370497
1.942  0.8381513
1.943  0.8390668
1.944  0.8397963
1.945  0.8403400
1.946  0.8406981
1.947  0.8408708
1.948  0.8408584
1.949  0.8406612
1.950  0.8402795
1.951  0.8397139
1.952  0.8389647
1.953  0.8380324
1.954  0.8369175
1.955  0.8356207
1.956  0.8341424
1.957  0.8324834
1.958  0.8306442
1.959  0.8286257
1.960  0.8264285
1.961  0.8240535
1.962  0.8215014
1.963  0.8187732
1.964  0.8158697
1.965  0.8127919
1.966  0.8095406
1.967  0.8061170
1.968  0.8025221
1.969  0.7987568
1.970  0.7948224
1.971  0.7907199
1.972  0.7864505
1.973  0.7820154
1.974  0.7774158
1.975  0.7726530
1.976  0.7677284
1.977  0.7626431
1.978  0.7573985
1.979  0.7519961
1.980  0.7464372
1.981  0.7407233
1.982  0.7348558
1.983  0.7288362
1.984  0.7226661
1.985  0.7163470
1.986  0.7098804
1.987  0.7032679
1.988  0.6965112
1.989  0.6896120
1.990  0.6825718
1.991  0.6753924
1.992  0.6680754
1.993  0.6606227
1.994  0.6530360
1.995  0.6453171
1.996  0.6374677
1.997  0.6294897
1.998  0.6213849
1.999  0.6131552
2.000  0.6048025
2.001  0.5963287
2.002  0.5877357
2.003  0.5790254
2.004  0.5701997
2.005  0.5612607
2.006  0.5522104
2.007  0.5430506
2.008  0.5337835
2.009  0.5244111
2.010  0.5149353
2.011  0.5053584
2.012  0.4956822
2.013  0.4859090
2.014  0.4760408
2.015  0.4660797
2.016  0.4560278
2.017  0.4458872
2.018  0.4356602
2.019  0.4253487
2.020  0.4149550
2.021  0.4044813
2.022  0.3939297
2.023  0.3833023
2.024  0.3726015
2.025  0.3618292
2.026  0.3509878
2.027  0.3400795
2.028  0.3291064
2.029  0.3180707
2.030  0.3069747
2.031  0.2958207
2.032  0.2846107
2.033  0.2733470
2.034  0.2620319
2.035  0.2506675
2.036  0.2392562
2.037  0.2278001
2.038  0.2163014
2.039  0.2047624
2.040  0.1931853
2.041  0.1815723
2.042  0.1699257
2.043  0.1582476
2.044  0.1465403
2.045  0.1348060
2.046  0.1230470
2.047  0.1112653
2.048  0.0994632
2.049  0.0876430
2.050  0.0758068
2.051  0.0639567
2.052  0.0520951
2.053  0.0402240
2.054  0.0283456
2.055  0.0164620
2.056  0.0045756
2.057 -0.0073118
2.058 -0.0191978
2.059 -0.0310803
2.060 -0.0429573
2.061 -0.0548267
2.062 -0.0666862
2.063 -0.0785339
2.064 -0.0903677
2.065 -0.1021854
2.066 -0.1139851
2.067 -0.1257647
2.068 -0.1375221
2.069 -0.1492554
2.070 -0.1609625
2.071 -0.1726414
2.072 -0.1842902
2.073 -0.1959068
2.074 -0.2074894
2.075 -0.2190359
2.076 -0.2305445
2.077 -0.2420133
2.078 -0.2534402
2.079 -0.2648235
2.080 -0.2761614
2.081 -0.2874518
2.082 -0.2986930
2.083 -0.3098833
2.084 -0.3210207
2.085 -0.3321035
2.086 -0.3431299
2.087 -0.3540982
2.088 -0.3650066
2.089 -0.3758534
2.090 -0.3866370
2.091 -0.3973556
2.092 -0.4080075
2.093 -0.4185912
2.094 -0.4291050
2.095 -0.4395473
2.096 -0.4499165
2.097 -0.4602111
2.098 -0.4704294
2.099 -0.4805700
2.100 -0.4906314
2.101 -0.5006120
2.102 -0.5105104
2.103 -0.5203252
2.104 -0.5300549
2.105 -0.5396981
2.106 -0.5492534
2.107 -0.5587195
2.108 -0.5680949
2.109 -0.5773785
2.110 -0.5865688
2.111 -0.5956646
2.112 -0.6046647
2.113 -0.6135677
2.114 -0.6223726
2.115 -0.6310780
2.116 -0.6396828
2.117 -0.6481858
2.118 -0.6565860
2.119 -0.6648822
2.120 -0.6730733
2.121 -0.6811583
2.122 -0.6891361
2.123 -0.6970057
2.124 -0.7047660
2.125 -0.7124162
2.126 -0.7199553
2.127 -0.7273823
2.128 -0.7346963
2.129 -0.7418964
2.130 -0.7489818
2.131 -0.7559517
2.132 -0.7628051
2.133 -0.7695414
2.134 -0.7761597
2.135 -0.7826592
2.136 -0.7890394
2.137 -0.7952993
2.138 -0.8014385
2.139 -0.8074561
2.140 -0.8133515
2.141 -0.8191242
2.142 -0.8247736
2.143 -0.8302990
2.144 -0.8356999
2.145 -0.8409758
2.146 -0.8461261
2.147 -0.8511505
2.148 -0.8560483
2.149 -0.8608193
2.150 -0.8654629
2.151 -0.8699787
2.152 -0.8743665
2.153 -0.8786258
2.154 -0.8827562
2.155 -0.8867576
2.156 -0.8906295
2.157 -0.8943718
2.158 -0.8979841
2.159 -0.9014663
2.160 -0.9048181
2.161 -0.9080394
2.162 -0.9111299
2.163 -0.9140896
2.164 -0.9169184
2.165 -0.9196160
2.166 -0.9221825
2.167 -0.9246177
2.168 -0.9269217
2.169 -0.9290944
2.170 -0.9311358
2.171 -0.9330459
2.172 -0.9348247
2.173 -0.9364724
2.174 -0.9379890
2.175 -0.9393746
2.176 -0.9406292
2.177 -0.9417531
2.178 -0.9427464
2.179 -0.9436092
2.180 -0.9443417
2.181 -0.9449442
2.182 -0.9454169
2.183 -0.9457600
2.184 -0.9459737
2.185 -0.9460584
2.186 -0.9460144
2.187 -0.9458419
2.188 -0.9455413
2.189 -0.9451129
2.190 -0.9445571
2.191 -0.9438743
2.192 -0.9430649
2.193 -0.9421293
2.194 -0.9410678
2.195 -0.9398811
2.196 -0.9385694
2.197 -0.9371334
2.198 -0.9355734
2.199 -0.9338901
2.200 -0.9320838
2.201 -0.9301552
2.202 -0.9281049
2.203 -0.9259333
2.204 -0.9236410
2.205 -0.9212287
2.206 -0.9186969
2.207 -0.9160463
2.208 -0.9132775
2.209 -0.9103912
2.210 -0.9073880
2.211 -0.9042685
2.212 -0.9010336
2.213 -0.8976838
2.214 -0.8942199
2.215 -0.8906427
2.216 -0.8869528
2.217 -0.8831509
2.218 -0.8792380
2.219 -0.8752146
2.220 -0.8710817
2.221 -0.8668400
2.222 -0.8624902
2.223 -0.8580333
2.224 -0.8534700
2.225 -0.8488012
2.226 -0.8440277
2.227 -0.8391504
2.228 -0.8341701
2.229 -0.8290877
2.230 -0.8239041
2.231 -0.8186202
2.232 -0.8132369
2.233 -0.8077550
2.234 -0.8021756
2.235 -0.7964995
2.236 -0.7907276
2.237 -0.7848609
2.238 -0.7789004
2.239 -0.7728470
2.240 -0.7667017
2.241 -0.7604653
2.242 -0.7541390
2.243 -0.7477237
2.244 -0.7412204
2.245 -0.7346300
2.246 -0.7279536
2.247 -0.7211922
2.248 -0.7143468
2.249 -0.7074184
2.250 -0.7004080
2.251 -0.6933167
2.252 -0.6861455
2.253 -0.6788954
2.254 -0.6715675
2.255 -0.6641628
2.256 -0.6566824
2.257 -0.6491273
2.258 -0.6414986
2.259 -0.6337973
2.260 -0.6260245
2.261 -0.6181814
2.262 -0.6102688
2.263 -0.6022880
2.264 -0.5942400
2.265 -0.5861258
2.266 -0.5779466
2.267 -0.5697035
2.268 -0.5613975
2.269 -0.5530296
2.270 -0.5446011
2.271 -0.5361130
2.272 -0.5275664
2.273 -0.5189623
2.274 -0.5103019
2.275 -0.5015862
2.276 -0.4928165
2.277 -0.4839936
2.278 -0.4751188
2.279 -0.4661932
2.280 -0.4572178
2.281 -0.4481937
2.282 -0.4391220
2.283 -0.4300039
2.284 -0.4208404
2.285 -0.4116326
2.286 -0.4023815
2.287 -0.3930884
2.288 -0.3837543
2.289 -0.3743802
2.290 -0.3649673
2.291 -0.3555166
2.292 -0.3460293
2.293 -0.3365064
2.294 -0.3269489
2.295 -0.3173580
2.296 -0.3077348
2.297 -0.2980802
2.298 -0.2883955
2.299 -0.2786816
2.300 -0.2689396
2.301 -0.2591705
2.302 -0.2493755
2.303 -0.2395556
2.304 -0.2297118
2.305 -0.2198452
2.306 -0.2099569
2.307 -0.2000478
2.308 -0.1901190
2.309 -0.1801716
2.310 -0.1702065
2.311 -0.1602248
2.312 -0.1502275
2.313 -0.1402157
2.314 -0.1301903
2.315 -0.1201524
2.316 -0.1101029
2.317 -0.1000429
2.318 -0.0899733
2.319 -0.0798951
2.320 -0.0698094
2.321 -0.0597170
2.322 -0.0496190
2.323 -0.0395164
2.324 -0.0294100
2.325 -0.0193009
2.326 -0.0091900
2.327  0.0009218
2.328  0.0110335
2.329  0.0211442
2.330  0.0312529
2.331  0.0413587
2.332  0.0514608
2.333  0.0615582
2.334  0.0716500
2.335  0.0817352
2.336  0.0918132
2.337  0.1018828
2.338  0.1119433
2.339  0.1219938
2.340  0.1320334
2.341  0.1420612
2.342  0.1520765
2.343  0.1620783
2.344  0.1720659
2.345  0.1820384
2.346  0.1919949
2.347  0.2019347
2.348  0.2118569
2.349  0.2217608
2.350  0.2316456
2.351  0.2415104
2.352  0.2513545
2.353  0.2611771
2.354  0.2709774
2.355  0.2807547
2.356  0.2905082
2.357  0.3002373
2.358  0.3099410
2.359  0.3196188
2.360  0.3292699
2.361  0.3388936
2.362  0.3484892
2.363  0.3580559
2.364  0.3675931
2.365  0.3771001
2.366  0.3865763
2.367  0.3960209
2.368  0.4054333
2.369  0.4148128
2.370  0.4241589
2.371  0.4334708
2.372  0.4427479
2.373  0.4519897
2.374  0.4611954
2.375  0.4703645
2.376  0.4794965
2.377  0.4885906
2.378  0.4976464
2.379  0.5066632
2.380  0.5156404
2.381  0.5245776
2.382  0.5334742
2.383  0.5423296
2.384  0.5511433
2.385  0.5599147
2.386  0.5686434
2.387  0.5773288
2.388  0.5859705
2.389  0.5945679
2.390  0.6031205
2.391  0.6116279
2.392  0.6200896
2.393  0.6285051
2.394  0.6368740
2.395  0.6451958
2.396  0.6534702
2.397  0.6616965
2.398  0.6698745
2.399  0.6780037
2.400  0.6860837
2.401  0.6941141
2.402  0.7020945
2.403  0.7100246
2.404  0.7179039
2.405  0.7257320
2.406  0.7335086
2.407  0.7412335
2.408  0.7489061
2.409  0.7565261
2.410  0.7640933
2.411  0.7716074
2.412  0.7790679
2.413  0.7864745
2.414  0.7938271
2.415  0.8011253
2.416  0.8083687
2.417  0.8155571
2.418  0.8226903
2.419  0.8297680
2.420  0.8367899
2.421  0.8437558
2.422  0.8506653
2.423  0.8575184
2.424  0.8643147
2.425  0.8710541
2.426  0.8777362
2.427  0.8843610
2.428  0.8909282
2.429  0.8974376
2.430  0.9038891
2.431  0.9102824
2.432  0.9166174
2.433  0.9228938
2.434  0.9291117
2.435  0.9352707
2.436  0.9413708
2.437  0.9474117
2.438  0.9533935
2.439  0.9593159
2.440  0.9651789
2.441  0.9709822
2.442  0.9767259
2.443  0.9824098
2.444  0.9880338
2.445  0.9935978
2.446  0.9991018
2.447  1.0045457
2.448  1.0099293
2.449  1.0152527
2.450  1.0205158
2.451  1.0257185
2.452  1.0308608
2.453  1.0359426
2.454  1.0409640
2.455  1.0459249
2.456  1.0508252
2.457  1.0556649
2.458  1.0604441
2.459  1.0651628
2.460  1.0698209
2.461  1.0744184
2.462  1.0789554
2.463  1.0834319
2.464  1.0878478
2.465  1.0922033
2.466  1.0964984
2.467  1.1007331
2.468  1.1049074
2.469  1.1090214
2.470  1.1130751
2.471  1.1170687
2.472  1.1210021
2.473  1.1248755
2.474  1.1286889
2.475  1.1324424
2.476  1.1361361
2.477  1.1397700
2.478  1.1433444
2.479  1.1468591
2.480  1.1503145
2.481  1.1537105
2.482  1.1570473
2.483  1.1603250
2.484  1.1635438
2.485  1.1667037
2.486  1.1698048
2.487  1.1728474
2.488  1.1758315
2.489  1.1787574
2.490  1.1816250
2.491  1.1844346
2.492  1.1871864
2.493  1.1898805
2.494  1.1925170
2.495  1.1950962
2.496  1.1976181
2.497  1.2000831
2.498  1.2024911
2.499  1.2048425
2.500  1.2071374
2.501  1.2093760
2.502  1.2115584
2.503  1.2136850
2.504  1.2157558
2.505  1.2177711
2.506  1.2197311
2.507  1.2216359
2.508  1.2234859
2.509  1.2252811
2.510  1.2270219
2.511  1.2287085
2.512  1.2303410
2.513  1.2319196
2.514  1.2334447
2.515  1.2349165
2.516  1.2363351
2.517  1.2377009
2.518  1.2390140
2.519  1.2402747
2.520  1.2414832
2.521  1.2426399
2.522  1.2437448
2.523  1.2447984
2.524  1.2458008
2.525  1.2467523
2.526  1.2476531
2.527  1.2485035
2.528  1.2493039
2.529  1.2500543
2.530  1.2507552
2.531  1.2514067
2.532  1.2520092
2.533  1.2525629
2.534  1.2530681
2.535  1.2535250
2.536  1.2539340
2.537  1.2542953
2.538  1.2546092
2.539  1.2548760
2.540  1.2550960
2.541  1.2552694
2.542  1.2553966
2.543  1.2554777
2.544  1.2555132
2.545  1.2555034
2.546  1.2554484
2.547  1.2553486
2.548  1.2552043
2.549  1.2550158
2.550  1.2547834
2.551  1.2545074
2.552  1.2541881
2.553  1.2538257
2.554  1.2534207
2.555  1.2529732
2.556  1.2524837
2.557  1.2519523
2.558  1.2513795
2.559  1.2507654
2.560  1.2501105
2.561  1.2494150
2.562  1.2486793
2.563  1.2479036
2.564  1.2470882
2.565  1.2462336
2.566  1.2453399
2.567  1.2444075
2.568  1.2434367
2.569  1.2424278
2.570  1.2413812
2.571  1.2402971
2.572  1.2391758
2.573  1.2380177
2.574  1.2368232
2.575  1.2355924
2.576  1.2343257
2.577  1.2330235
2.578  1.2316860
2.579  1.2303135
2.580  1.2289065
2.581  1.2274651
2.582  1.2259897
2.583  1.2244807
2.584  1.2229383
2.585  1.2213628
2.586  1.2197546
2.587  1.2181140
2.588  1.2164413
2.589  1.2147369
2.590  1.2130009
2.591  1.2112338
2.592  1.2094358
2.593  1.2076073
2.594  1.2057486
2.595  1.2038600
2.596  1.2019418
2.597  1.1999943
2.598  1.1980179
2.599  1.1960128
2.600  1.1939794
2.601  1.1919179
2.602  1.1898287
2.603  1.1877121
2.604  1.1855684
2.605  1.1833979
2.606  1.1812008
2.607  1.1789777
2.608  1.1767286
2.609  1.1744540
2.610  1.1721541
2.611  1.1698292
2.612  1.1674797
2.613  1.1651058
2.614  1.1627079
2.615  1.1602862
2.616  1.1578411
2.617  1.1553728
2.618  1.1528817
2.619  1.1503680
2.620  1.1478321
2.621  1.1452741
2.622  1.1426946
2.623  1.1400936
2.624  1.1374716
2.625  1.1348287
2.626  1.1321654
2.627  1.1294819
2.628  1.1267784
2.629  1.1240553
2.630  1.1213129
2.631  1.1185514
2.632  1.1157711
2.633  1.1129723
2.634  1.1101553
2.635  1.1073204
2.636  1.1044679
2.637  1.1015979
2.638  1.0987109
2.639  1.0958071
2.640  1.0928867
2.641  1.0899500
2.642  1.0869974
2.643  1.0840290
2.644  1.0810452
2.645  1.0780462
2.646  1.0750323
2.647  1.0720037
2.648  1.0689607
2.649  1.0659036
2.650  1.0628327
2.651  1.0597481
2.652  1.0566502
2.653  1.0535393
2.654  1.0504155
2.655  1.0472791
2.656  1.0441304
2.657  1.0409697
2.658  1.0377971
2.659  1.0346130
2.660  1.0314176
2.661  1.0282111
2.662  1.0249937
2.663  1.0217658
2.664  1.0185276
2.665  1.0152793
2.666  1.0120211
2.667  1.0087533
2.668  1.0054762
2.669  1.0021898
2.670  0.9988946
2.671  0.9955907
2.672  0.9922784
2.673  0.9889578
2.674  0.9856293
2.675  0.9822930
2.676  0.9789491
2.677  0.9755980
2.678  0.9722397
2.679  0.9688746
2.680  0.9655028
2.681  0.9621246
2.682  0.9587402
2.683  0.9553498
2.684  0.9519536
2.685  0.9485517
2.686  0.9451446
2.687  0.9417322
2.688  0.9383149
2.689  0.9348929
2.690  0.9314663
2.691  0.9280353
2.692  0.9246002
2.693  0.9211612
2.694  0.9177184
2.695  0.9142720
2.696  0.9108223
2.697  0.9073694
2.698  0.9039136
2.699  0.9004549
2.700  0.8969937
2.701  0.8935300
2.702  0.8900641
2.703  0.8865962
2.704  0.8831264
2.705  0.8796549
2.706  0.8761819
2.707  0.8727075
2.708  0.8692321
2.709  0.8657556
2.710  0.8622783
2.711  0.8588004
2.712  0.8553220
2.713  0.8518434
2.714  0.8483645
2.715  0.8448858
2.716  0.8414072
2.717  0.8379289
2.718  0.8344512
2.719  0.8309742
2.720  0.8274979
2.721  0.8240227
2.722  0.8205486
2.723  0.8170758
2.724  0.8136045
2.725  0.8101347
2.726  0.8066667
2.727  0.8032005
2.728  0.7997364
2.729  0.7962745
2.730  0.7928149
2.731  0.7893577
2.732  0.7859032
2.733  0.7824513
2.734  0.7790024
2.735  0.7755564
2.736  0.7721136
2.737  0.7686741
2.738  0.7652379
2.739  0.7618053
2.740  0.7583763
2.741  0.7549511
2.742  0.7515299
2.743  0.7481126
2.744  0.7446995
2.745  0.7412907
2.746  0.7378862
2.747  0.7344863
2.748  0.7310910
2.749  0.7277004
2.750  0.7243147
2.751  0.7209339
2.752  0.7175582
2.753  0.7141877
2.754  0.7108225
2.755  0.7074627
2.756  0.7041083
2.757  0.7007596
2.758  0.6974166
2.759  0.6940794
2.760  0.6907481
2.761  0.6874227
2.762  0.6841035
2.763  0.6807905
2.764  0.6774838
2.765  0.6741835
2.766  0.6708896
2.767  0.6676024
2.768  0.6643217
2.769  0.6610478
2.770  0.6577808
2.771  0.6545206
2.772  0.6512675
2.773  0.6480214
2.774  0.6447825
2.775  0.6415509
2.776  0.6383266
2.777  0.6351096
2.778  0.6319002
2.779  0.6286983
2.780  0.6255040
2.781  0.6223175
2.782  0.6191387
2.783  0.6159677
2.784  0.6128047
2.785  0.6096497
2.786  0.6065027
2.787  0.6033638
2.788  0.6002331
2.789  0.5971106
2.790  0.5939965
2.791  0.5908907
2.792  0.5877934
2.793  0.5847045
2.794  0.5816242
2.795  0.5785526
2.796  0.5754895
2.797  0.5724352
2.798  0.5693897
2.799  0.5663530
2.800  0.5633251
2.801  0.5603062
2.802  0.5572963
2.803  0.5542954
2.804  0.5513035
2.805  0.5483208
2.806  0.5453473
2.807  0.5423830
2.808  0.5394279
2.809  0.5364821
2.810  0.5335457
2.811  0.5306186
2.812  0.5277010
2.813  0.5247928
2.814  0.5218942
2.815  0.5190051
2.816  0.5161255
2.817  0.5132556
2.818  0.5103953
2.819  0.5075446
2.820  0.5047037
2.821  0.5018725
2.822  0.4990511
2.823  0.4962395
2.824  0.4934378
2.825  0.4906459
2.826  0.4878638
2.827  0.4850917
2.828  0.4823296
2.829  0.4795774
2.830  0.4768351
2.831  0.4741029
2.832  0.4713808
2.833  0.4686687
2.834  0.4659666
2.835  0.4632747
2.836  0.4605928
2.837  0.4579212
2.838  0.4552596
2.839  0.4526082
2.840  0.4499671
2.841  0.4473361
2.842  0.4447153
2.843  0.4421048
2.844  0.4395045
2.845  0.4369144
2.846  0.4343347
2.847  0.4317652
2.848  0.4292060
2.849  0.4266571
2.850  0.4241185
2.851  0.4215902
2.852  0.4190722
2.853  0.4165646
2.854  0.4140673
2.855  0.4115804
2.856  0.4091038
2.857  0.4066376
2.858  0.4041817
2.859  0.4017361
2.860  0.3993010
2.861  0.3968762
2.862  0.3944618
2.863  0.3920577
2.864  0.3896640
2.865  0.3872807
2.866  0.3849077
2.867  0.3825452
2.868  0.3801929
2.869  0.3778511
2.870  0.3755196
2.871  0.3731984
2.872  0.3708876
2.873  0.3685871
2.874  0.3662970
2.875  0.3640172
2.876  0.3617478
2.877  0.3594886
2.878  0.3572398
2.879  0.3550013
2.880  0.3527731
2.881  0.3505552
2.882  0.3483475
2.883  0.3461502
2.884  0.3439630
2.885  0.3417862
2.886  0.3396195
2.887  0.3374632
2.888  0.3353170
2.889  0.3331810
2.890  0.3310552
2.891  0.3289396
2.892  0.3268341
2.893  0.3247388
2.894  0.3226537
2.895  0.3205786
2.896  0.3185137
2.897  0.3164589
2.898  0.3144141
2.899  0.3123794
2.900  0.3103547
2.901  0.3083401
2.902  0.3063354
2.903  0.3043408
2.904  0.3023561
2.905  0.3003813
2.906  0.2984165
2.907  0.2964617
2.908  0.2945167
2.909  0.2925816
2.910  0.2906563
2.911  0.2887409
2.912  0.2868352
2.913  0.2849394
2.914  0.2830534
2.915  0.2811771
2.916  0.2793105
2.917  0.2774536
2.918  0.2756064
2.919  0.2737689
2.920  0.2719410
2.921  0.2701227
2.922  0.2683141
2.923  0.2665149
2.924  0.2647253
2.925  0.2629453
2.926  0.2611747
2.927  0.2594136
2.928  0.2576620
2.929  0.2559197
2.930  0.2541869
2.931  0.2524634
2.932  0.2507492
2.933  0.2490444
2.934  0.2473489
2.935  0.2456626
2.936  0.2439856
2.937  0.2423177
2.938  0.2406591
2.939  0.2390096
2.940  0.2373692
2.941  0.2357379
2.942  0.2341157
2.943  0.2325025
2.944  0.2308984
2.945  0.2293032
2.946  0.2277170
2.947  0.2261397
2.948  0.2245713
2.949  0.2230118
2.950  0.2214611
2.951  0.2199193
2.952  0.2183862
2.953  0.2168619
2.954  0.2153463
2.955  0.2138394
2.956  0.2123411
2.957  0.2108515
2.958  0.2093705
2.959  0.2078981
2.960  0.2064342
2.961  0.2049788
2.962  0.2035319
2.963  0.2020934
2.964  0.2006634
2.965  0.1992417
2.966  0.1978285
2.967  0.1964235
2.968  0.1950268
2.969  0.1936384
2.970  0.1922582
2.971  0.1908863
2.972  0.1895225
2.973  0.1881668
2.974  0.1868193
2.975  0.1854798
2.976  0.1841483
2.977  0.1828249
2.978  0.1815094
2.979  0.1802019
2.980  0.1789023
2.981  0.1776106
2.982  0.1763268
2.983  0.1750507
2.984  0.1737825
2.985  0.1725220
2.986  0.1712692
2.987  0.1700241
2.988  0.1687867
2.989  0.1675569
2.990  0.1663347
2.991  0.1651200
2.992  0.1639129
2.993  0.1627133
2.994  0.1615211
2.995  0.1603363
2.996  0.1591590
2.997  0.1579890
2.998  0.1568264
2.999  0.1556710
3.000  0.1545230
3.001  0.1533821
3.002  0.1522485
3.003  0.1511220
3.004  0.1500027
3.005  0.1488904
3.006  0.1477853
3.007  0.1466872
3.008  0.1455960
3.009  0.1445119
3.010  0.1434347
3.011  0.1423644
3.012  0.1413010
3.013  0.1402444
3.014  0.1391947
3.015  0.1381517
3.016  0.1371155
3.017  0.1360860
3.018  0.1350632
3.019  0.1340470
3.020  0.1330374
3.021  0.1320345
3.022  0.1310380
3.023  0.1300481
3.024  0.1290647
3.025  0.1280878
3.026  0.1271173
3.027  0.1261531
3.028  0.1251954
3.029  0.1242439
3.030  0.1232988
3.031  0.1223599
3.032  0.1214273
3.033  0.1205009
3.034  0.1195806
3.035  0.1186665
3.036  0.1177585
3.037  0.1168566
3.038  0.1159607
3.039  0.1150708
3.040  0.1141869
3.041  0.1133090
3.042  0.1124369
3.043  0.1115708
3.044  0.1107106
3.045  0.1098561
3.046  0.1090075
3.047  0.1081646
3.048  0.1073275
3.049  0.1064960
3.050  0.1056703
3.051  0.1048501
3.052  0.1040356
3.053  0.1032267
3.054  0.1024234
3.055  0.1016255
3.056  0.1008332
3.057  0.1000463
3.058  0.0992648
3.059  0.0984888
3.060  0.0977181
3.061  0.0969527
3.062  0.0961927
3.063  0.0954380
3.064  0.0946885
3.065  0.0939442
3.066  0.0932052
3.067  0.0924713
3.068  0.0917425
3.069  0.0910188
3.070  0.0903003
3.071  0.0895867
3.072  0.0888782
3.073  0.0881747
3.074  0.0874762
3.075  0.0867826
3.076  0.0860939
3.077  0.0854100
3.078  0.0847311
3.079  0.0840569
3.080  0.0833876
3.081  0.0827230
3.082  0.0820631
3.083  0.0814080
3.084  0.0807575
3.085  0.0801117
3.086  0.0794705
3.087  0.0788340
3.088  0.0782020
3.089  0.0775745
3.090  0.0769516
3.091  0.0763332
3.092  0.0757192
3.093  0.0751097
3.094  0.0745045
3.095  0.0739038
3.096  0.0733074
3.097  0.0727154
3.098  0.0721276
3.099  0.0715442
3.100  0.0709650
3.101  0.0703900
3.102  0.0698192
3.103  0.0692526
3.104  0.0686902
3.105  0.0681319
3.106  0.0675777
3.107  0.0670275
3.108  0.0664814
3.109  0.0659394
3.110  0.0654013
3.111  0.0648672
3.112  0.0643370
3.113  0.0638108
3.114  0.0632885
3.115  0.0627700
3.116  0.0622555
3.117  0.0617447
3.118  0.0612377
3.119  0.0607345
3.120  0.0602351
3.121  0.0597394
3.122  0.0592474
3.123  0.0587591
3.124  0.0582745
3.125  0.0577934
3.126  0.0573160
3.127  0.0568422
3.128  0.0563720
3.129  0.0559053
3.130  0.0554421
3.131  0.0549824
3.132  0.0545262
3.133  0.0540735
3.134  0.0536242
3.135  0.0531783
3.136  0.0527357
3.137  0.0522966
3.138  0.0518607
3.139  0.0514282
3.140  0.0509990
3.141  0.0505731
3.142  0.0501504
3.143  0.0497310
3.144  0.0493148
3.145  0.0489017
3.146  0.0484919
3.147  0.0480851
3.148  0.0476815
3.149  0.0472810
3.150  0.0468836
3.151  0.0464893
3.152  0.0460980
3.153  0.0457097
3.154  0.0453244
3.155  0.0449422
3.156  0.0445628
3.157  0.0441864
3.158  0.0438130
3.159  0.0434424
3.160  0.0430747
3.161  0.0427099
3.162  0.0423480
3.163  0.0419888
3.164  0.0416325
3.165  0.0412789
3.166  0.0409281
3.167  0.0405801
3.168  0.0402348
3.169  0.0398922
3.170  0.0395523
3.171  0.0392150
3.172  0.0388804
3.173  0.0385485
3.174  0.0382191
3.175  0.0378924
3.176  0.0375683
3.177  0.0372467
3.178  0.0369276
3.179  0.0366111
3.180  0.0362971
3.181  0.0359856
3.182  0.0356765
3.183  0.0353699
3.184  0.0350658
3.185  0.0347640
3.186  0.0344647
3.187  0.0341678
3.188  0.0338732
3.189  0.0335810
3.190  0.0332911
3.191  0.0330036
3.192  0.0327183
3.193  0.0324354
3.194  0.0321547
3.195  0.0318763
3.196  0.0316001
3.197  0.0313261
3.198  0.0310543
3.199  0.0307847
3.200  0.0305173
3.201  0.0302521
3.202  0.0299890
3.203  0.0297280
3.204  0.0294692
3.205  0.0292124
3.206  0.0289577
3.207  0.0287051
3.208  0.0284546
3.209  0.0282061
3.210  0.0279596
3.211  0.0277151
3.212  0.0274726
3.213  0.0272321
3.214  0.0269935
3.215  0.0267569
3.216  0.0265222
3.217  0.0262895
3.218  0.0260586
3.219  0.0258297
3.220  0.0256026
3.221  0.0253774
3.222  0.0251540
3.223  0.0249325
3.224  0.0247128
3.225  0.0244949
3.226  0.0242788
3.227  0.0240645
3.228  0.0238520
3.229  0.0236412
3.230  0.0234321
3.231  0.0232248
3.232  0.0230192
3.233  0.0228153
3.234  0.0226131
3.235  0.0224126
3.236  0.0222137
3.237  0.0220165
3.238  0.0218210
3.239  0.0216270
3.240  0.0214347
3.241  0.0212440
3.242  0.0210549
3.243  0.0208673
3.244  0.0206814
3.245  0.0204969
3.246  0.0203141
3.247  0.0201327
3.248  0.0199529
3.249  0.0197746
3.250  0.0195978
3.251  0.0194224
3.252  0.0192486
3.253  0.0190762
3.254  0.0189052
3.255  0.0187357
3.256  0.0185676
3.257  0.0184010
3.258  0.0182357
3.259  0.0180719
3.260  0.0179094
3.261  0.0177483
3.262  0.0175886
3.263  0.0174302
3.264  0.0172732
3.265  0.0171175
3.266  0.0169631
3.267  0.0168100
3.268  0.0166583
3.269  0.0165078
3.270  0.0163586
3.271  0.0162107
3.272  0.0160640
3.273  0.0159186
3.274  0.0157745
3.275  0.0156315
3.276  0.0154898
3.277  0.0153493
3.278  0.0152100
3.279  0.0150719
3.280  0.0149350
3.281  0.0147993
3.282  0.0146647
3.283  0.0145313
3.284  0.0143990
3.285  0.0142679
3.286  0.0141379
3.287  0.0140090
3.288  0.0138812
3.289  0.0137545
3.290  0.0136290
3.291  0.0135045
3.292  0.0133811
3.293  0.0132587
3.294  0.0131374
3.295  0.0130172
3.296  0.0128980
3.297  0.0127798
3.298  0.0126627
3.299  0.0125466
3.300  0.0124314
3.301  0.0123173
3.302  0.0122042
3.303  0.0120921
3.304  0.0119809
3.305  0.0118707
3.306  0.0117615
3.307  0.0116532
3.308  0.0115459
3.309  0.0114395
3.310  0.0113341
3.311  0.0112295
3.312  0.0111259
3.313  0.0110232
3.314  0.0109214
3.315  0.0108204
3.316  0.0107204
3.317  0.0106213
3.318  0.0105230
3.319  0.0104255
3.320  0.0103290
3.321  0.0102333
3.322  0.0101384
3.323  0.0100444
3.324  0.0099512
3.325  0.0098588
3.326  0.0097672
3.327  0.0096765
3.328  0.0095865
3.329  0.0094973
3.330  0.0094090
3.331  0.0093214
3.332  0.0092346
3.333  0.0091485
3.334  0.0090632
3.335  0.0089787
3.336  0.0088949
3.337  0.0088119
3.338  0.0087296
3.339  0.0086481
3.340  0.0085672
3.341  0.0084871
3.342  0.0084077
3.343  0.0083291
3.344  0.0082511
3.345  0.0081738
3.346  0.0080972
3.347  0.0080213
3.348  0.0079460
3.349  0.0078715
3.350  0.0077976
3.351  0.0077243
3.352  0.0076518
3.353  0.0075798
3.354  0.0075086
3.355  0.0074379
3.356  0.0073679
3.357  0.0072985
3.358  0.0072298
3.359  0.0071617
3.360  0.0070941
3.361  0.0070272
3.362  0.0069609
3.363  0.0068952
3.364  0.0068301
3.365  0.0067656
3.366  0.0067016
3.367  0.0066382
3.368  0.0065754
3.369  0.0065132
3.370  0.0064516
3.371  0.0063904
3.372  0.0063299
3.373  0.0062699
3.374  0.0062104
3.375  0.0061515
3.376  0.0060931
3.377  0.0060353
3.378  0.0059779
3.379  0.0059211
3.380  0.0058649
3.381  0.0058091
3.382  0.0057538
3.383  0.0056990
3.384  0.0056448
3.385  0.0055910
3.386  0.0055377
3.387  0.0054849
3.388  0.0054326
3.389  0.0053808
3.390  0.0053294
3.391  0.0052785
3.392  0.0052281
3.393  0.0051782
3.394  0.0051287
3.395  0.0050796
3.396  0.0050310
3.397  0.0049829
3.398  0.0049352
3.399  0.0048879
3.400  0.0048410
3.401  0.0047946
3.402  0.0047487
3.403  0.0047031
3.404  0.0046580
3.405  0.0046132
3.406  0.0045689
3.407  0.0045250
3.408  0.0044815
3.409  0.0044385
3.410  0.0043958
3.411  0.0043535
3.412  0.0043116
3.413  0.0042700
3.414  0.0042289
3.415  0.0041881
3.416  0.0041478
3.417  0.0041078
3.418  0.0040681
3.419  0.0040289
3.420  0.0039900
3.421  0.0039514
3.422  0.0039132
3.423  0.0038754
3.424  0.0038379
3.425  0.0038008
3.426  0.0037640
3.427  0.0037276
3.428  0.0036915
3.429  0.0036557
3.430  0.0036203
3.431  0.0035852
3.432  0.0035504
3.433  0.0035160
3.434  0.0034819
3.435  0.0034481
3.436  0.0034146
3.437  0.0033814
3.438  0.0033485
3.439  0.0033160
3.440  0.0032837
3.441  0.0032518
3.442  0.0032201
3.443  0.0031888
3.444  0.0031577
3.445  0.0031270
3.446  0.0030965
3.447  0.0030663
3.448  0.0030364
3.449  0.0030068
3.450  0.0029774
3.451  0.0029483
3.452  0.0029195
3.453  0.0028910
3.454  0.0028628
3.455  0.0028348
3.456  0.0028070
3.457  0.0027796
3.458  0.0027524
3.459  0.0027254
3.460  0.0026987
3.461  0.0026723
3.462  0.0026461
3.463  0.0026202
3.464  0.0025945
3.465  0.0025690
3.466  0.0025438
3.467  0.0025188
3.468  0.0024941
3.469  0.0024696
3.470  0.0024453
3.471  0.0024213
3.472  0.0023975
3.473  0.0023739
3.474  0.0023505
3.475  0.0023274
3.476  0.0023045
3.477  0.0022818
3.478  0.0022593
3.479  0.0022370
3.480  0.0022150
3.481  0.0021931
3.482  0.0021715
3.483  0.0021500
3.484  0.0021288
3.485  0.0021078
3.486  0.0020870
3.487  0.0020663
3.488  0.0020459
3.489  0.0020257
3.490  0.0020056
3.491  0.0019858
3.492  0.0019661
3.493  0.0019467
3.494  0.0019274
3.495  0.0019083
3.496  0.0018894
3.497  0.0018706
3.498  0.0018521
3.499  0.0018337
3.500  0.0018155
3.501  0.0017975
3.502  0.0017796
3.503  0.0017620
3.504  0.0017445
3.505  0.0017271
3.506  0.0017100
3.507  0.0016929
3.508  0.0016761
3.509  0.0016594
3.510  0.0016429
3.511  0.0016265
3.512  0.0016103
3.513  0.0015943
3.514  0.0015784
3.515  0.0015627
3.516  0.0015471
3.517  0.0015317
3.518  0.0015164
3.519  0.0015012
3.520  0.0014862
3.521  0.0014714
3.522  0.0014567
3.523  0.0014421
3.524  0.0014277
3.525  0.0014134
3.526  0.0013993
3.527  0.0013853
3.528  0.0013714
3.529  0.0013577
3.530  0.0013441
3.531  0.0013306
3.532  0.0013173
3.533  0.0013041
3.534  0.0012910
3.535  0.0012781
3.536  0.0012653
3.537  0.0012526
3.538  0.0012400
3.539  0.0012275
3.540  0.0012152
3.541  0.0012030
3.542  0.0011909
3.543  0.0011789
3.544  0.0011671
3.545  0.0011553
3.546  0.0011437
3.547  0.0011322
3.548  0.0011208
3.549  0.0011095
3.550  0.0010983
3.551  0.0010873
3.552  0.0010763
3.553  0.0010655
3.554  0.0010547
3.555  0.0010441
3.556  0.0010335
3.557  0.0010231
3.558  0.0010128
3.559  0.0010026
3.560  0.0009924
3.561  0.0009824
3.562  0.0009725
3.563  0.0009626
3.564  0.0009529
3.565  0.0009433
3.566  0.0009337
3.567  0.0009243
3.568  0.0009149
3.569  0.0009056
3.570  0.0008965
3.571  0.0008874
3.572  0.0008784
3.573  0.0008695
3.574  0.0008607
3.575  0.0008519
3.576  0.0008433
3.577  0.0008347
3.578  0.0008263
3.579  0.0008179
3.580  0.0008096
3.581  0.0008013
3.582  0.0007932
3.583  0.0007851
3.584  0.0007771
3.585  0.0007692
3.586  0.0007614
3.587  0.0007537
3.588  0.0007460
3.589  0.0007384
3.590  0.0007309
3.591  0.0007234
3.592  0.0007161
3.593  0.0007088
3.594  0.0007015
3.595  0.0006944
3.596  0.0006873
3.597  0.0006803
3.598  0.0006733
3.599  0.0006665
3.600  0.0006597
3.601  0.0006529
3.602  0.0006463
3.603  0.0006397
3.604  0.0006331
3.605  0.0006266
3.606  0.0006202
3.607  0.0006139
3.608  0.0006076
3.609  0.0006014
3.610  0.0005952
3.611  0.0005891
3.612  0.0005831
3.613  0.0005771
3.614  0.0005712
3.615  0.0005654
3.616  0.0005596
3.617  0.0005538
3.618  0.0005482
3.619  0.0005425
3.620  0.0005370
3.621  0.0005314
3.622  0.0005260
3.623  0.0005206
3.624  0.0005152
3.625  0.0005099
3.626  0.0005047
3.627  0.0004995
3.628  0.0004944
3.629  0.0004893
3.630  0.0004843
3.631  0.0004793
3.632  0.0004743
3.633  0.0004695
3.634  0.0004646
3.635  0.0004598
3.636  0.0004551
3.637  0.0004504
3.638  0.0004458
3.639  0.0004412
3.640  0.0004366
3.641  0.0004321
3.642  0.0004277
3.643  0.0004233
3.644  0.0004189
3.645  0.0004146
3.646  0.0004103
3.647  0.0004060
3.648  0.0004018
3.649  0.0003977
3.650  0.0003936
3.651  0.0003895
3.652  0.0003855
3.653  0.0003815
3.654  0.0003775
3.655  0.0003736
3.656  0.0003698
3.657  0.0003659
3.658  0.0003622
3.659  0.0003584
3.660  0.0003547
3.661  0.0003510
3.662  0.0003474
3.663  0.0003438
3.664  0.0003402
3.665  0.0003367
3.666  0.0003332
3.667  0.0003297
3.668  0.0003263
3.669  0.0003229
3.670  0.0003196
3.671  0.0003162
3.672  0.0003130
3.673  0.0003097
3.674  0.0003065
3.675  0.0003033
3.676  0.0003001
3.677  0.0002970
3.678  0.0002939
3.679  0.0002909
3.680  0.0002879
3.681  0.0002849
3.682  0.0002819
3.683  0.0002790
3.684  0.0002760
3.685  0.0002732
3.686  0.0002703
3.687  0.0002675
3.688  0.0002647
3.689  0.0002620
3.690  0.0002592
3.691  0.0002565
3.692  0.0002538
3.693  0.0002512
3.694  0.0002486
3.695  0.0002460
3.696  0.0002434
3.697  0.0002409
3.698  0.0002383
3.699  0.0002359
3.700  0.0002334
3.701  0.0002310
3.702  0.0002285
3.703  0.0002261
3.704  0.0002238
3.705  0.0002214
3.706  0.0002191
3.707  0.0002168
3.708  0.0002146
3.709  0.0002123
3.710  0.0002101
3.711  0.0002079
3.712  0.0002057
3.713  0.0002035
3.714  0.0002014
3.715  0.0001993
3.716  0.0001972
3.717  0.0001951
3.718  0.0001931
3.719  0.0001911
3.720  0.0001891
3.721  0.0001871
3.722  0.0001851
3.723  0.0001832
3.724  0.0001812
3.725  0.0001793
3.726  0.0001775
3.727  0.0001756
3.728  0.0001737
3.729  0.0001719
3.730  0.0001701
3.731  0.0001683
3.732  0.0001665
3.733  0.0001648
3.734  0.0001631
3.735  0.0001613
3.736  0.0001596
3.737  0.0001580
3.738  0.0001563
3.739  0.0001547
3.740  0.0001530
3.741  0.0001514
3.742  0.0001498
3.743  0.0001482
3.744  0.0001467
3.745  0.0001451
3.746  0.0001436
3.747  0.0001421
3.748  0.0001406
3.749  0.0001391
3.750  0.0001376
3.751  0.0001362
3.752  0.0001347
3.753  0.0001333
3.754  0.0001319
3.755  0.0001305
3.756  0.0001291
3.757  0.0001278
3.758  0.0001264
3.759  0.0001251
3.760  0.0001237
3.761  0.0001224
3.762  0.0001211
3.763  0.0001199
3.764  0.0001186
3.765  0.0001173
3.766  0.0001161
3.767  0.0001149
3.768  0.0001136
3.769  0.0001124
3.770  0.0001113
3.771  0.0001101
3.772  0.0001089
3.773  0.0001077
3.774  0.0001066
3.775  0.0001055
3.776  0.0001044
3.777  0.0001032
3.778  0.0001022
3.779  0.0001011
3.780  0.0001000
3.781  0.0000989
3.782  0.0000979
3.783  0.0000968
3.784  0.0000958
3.785  0.0000948
3.786  0.0000938
3.787  0.0000928
3.788  0.0000918
3.789  0.0000908
3.790  0.0000899
3.791  0.0000889
3.792  0.0000880
3.793  0.0000870
3.794  0.0000861
3.795  0.0000852
3.796  0.0000843
3.797  0.0000834
3.798  0.0000825
3.799  0.0000816
3.800  0.0000807
3.801  0.0000799
3.802  0.0000790
3.803  0.0000782
3.804  0.0000773
3.805  0.0000765
3.806  0.0000757
3.807  0.0000749
3.808  0.0000741
3.809  0.0000733
3.810  0.0000725
3.811  0.0000718
3.812  0.0000710
3.813  0.0000702
3.814  0.0000695
3.815  0.0000687
3.816  0.0000680
3.817  0.0000673
3.818  0.0000666
3.819  0.0000658
3.820  0.0000651
3.821  0.0000644
3.822  0.0000638
3.823  0.0000631
3.824  0.0000624
3.825  0.0000617
3.826  0.0000611
3.827  0.0000604
3.828  0.0000598
3.829  0.0000591
3.830  0.0000585
3.831  0.0000579
3.832  0.0000572
3.833  0.0000566
3.834  0.0000560
3.835  0.0000554
3.836  0.0000548
3.837  0.0000542
3.838  0.0000537
3.839  0.0000531
3.840  0.0000525
3.841  0.0000520
3.842  0.0000514
3.843  0.0000508
3.844  0.0000503
3.845  0.0000498
3.846  0.0000492
3.847  0.0000487
3.848  0.0000482
3.849  0.0000477
3.850  0.0000471
3.851  0.0000466
3.852  0.0000461
3.853  0.0000456
3.854  0.0000451
3.855  0.0000447
3.856  0.0000442
3.857  0.0000437
3.858  0.0000432
3.859  0.0000428
3.860  0.0000423
3.861  0.0000419
3.862  0.0000414
3.863  0.0000410
3.864  0.0000405
3.865  0.0000401
3.866  0.0000396
3.867  0.0000392
3.868  0.0000388
3.869  0.0000384
3.870  0.0000380
3.871  0.0000376
3.872  0.0000371
3.873  0.0000367
3.874  0.0000364
3.875  0.0000360
3.876  0.0000356
3.877  0.0000352
3.878  0.0000348
3.879  0.0000344
3.880  0.0000341
3.881  0.0000337
3.882  0.0000333
3.883  0.0000330
3.884  0.0000326
3.885  0.0000323
3.886  0.0000319
3.887  0.0000316
3.888  0.0000312
3.889  0.0000309
3.890  0.0000306
3.891  0.0000302
3.892  0.0000299
3.893  0.0000296
3.894  0.0000293
3.895  0.0000289
3.896  0.0000286
3.897  0.0000283
3.898  0.0000280
3.899  0.0000277
3.900  0.0000274
3.901  0.0000271
3.902  0.0000268
3.903  0.0000265
3.904  0.0000262
3.905  0.0000260
3.906  0.0000257
3.907  0.0000254
3.908  0.0000251
3.909  0.0000248
3.910  0.0000246
3.911  0.0000243
3.912  0.0000240
3.913  0.0000238
3.914  0.0000235
3.915  0.0000233
3.916  0.0000230
3.917  0.0000228
3.918  0.0000225
3.919  0.0000223
3.920  0.0000220
3.921  0.0000218
3.922  0.0000216
3.923  0.0000213
3.924  0.0000211
3.925  0.0000209
3.926  0.0000206
3.927  0.0000204
3.928  0.0000202
3.929  0.0000200
3.930  0.0000198
3.931  0.0000195
3.932  0.0000193
3.933  0.0000191
3.934  0.0000189
3.935  0.0000187
3.936  0.0000185
3.937  0.0000183
3.938  0.0000181
3.939  0.0000179
3.940  0.0000177
3.941  0.0000175
3.942  0.0000173
3.943  0.0000171
3.944  0.0000169
3.945  0.0000168
3.946  0.0000166
3.947  0.0000164
3.948  0.0000162
3.949  0.0000160
3.950  0.0000159
3.951  0.0000157
3.952  0.0000155
3.953  0.0000154
3.954  0.0000152
3.955  0.0000150
3.956  0.0000149
3.957  0.0000147
3.958  0.0000145
3.959  0.0000144
3.960  0.0000142
3.961  0.0000141
3.962  0.0000139
3.963  0.0000138
3.964  0.0000136
3.965  0.0000135
3.966  0.0000133
3.967  0.0000132
3.968  0.0000130
3.969  0.0000129
3.970  0.0000127
3.971  0.0000126
3.972  0.0000125
3.973  0.0000123
3.974  0.0000122
3.975  0.0000121
3.976  0.0000119
3.977  0.0000118
3.978  0.0000117
3.979  0.0000115
3.980  0.0000114
3.981  0.0000113
3.982  0.0000112
3.983  0.0000110
3.984  0.0000109
3.985  0.0000108
3.986  0.0000107
3.987  0.0000106
3.988  0.0000104
3.989  0.0000103
3.990  0.0000102
3.991  0.0000101
3.992  0.0000100
3.993  0.0000099
3.994  0.0000098
3.995  0.0000097
3.996  0.0000096
3.997  0.0000095
3.998  0.0000094
3.999  0.0000093
4.000  0.0000092
4.001  0.0000091
4.002  0.0000090
4.003  0.0000089
4.004  0.0000088
4.005  0.0000087
4.006  0.0000086
4.007  0.0000085
4.008  0.0000084
4.009  0.0000083
4.010  0.0000082
4.011  0.0000081
4.012  0.0000080
4.013  0.0000079
4.014  0.0000078
4.015  0.0000078
4.016  0.0000077
4.017  0.0000076
4.018  0.0000075
4.019  0.0000074
4.020  0.0000073
4.021  0.0000073
4.022  0.0000072
4.023  0.0000071
4.024  0.0000070
4.025  0.0000069
4.026  0.0000069
4.027  0.0000068
4.028  0.0000067
4.029  0.0000066
4.030  0.0000066
4.031  0.0000065
4.032  0.0000064
4.033  0.0000064
4.034  0.0000063
4.035  0.0000062
4.036  0.0000061
4.037  0.0000061
4.038  0.0000060
4.039  0.0000059
4.040  0.0000059
4.041  0.0000058
4.042  0.0000058
4.043  0.0000057
4.044  0.0000056
4.045  0.0000056
4.046  0.0000055
4.047  0.0000054
4.048  0.0000054
4.049  0.0000053
4.050  0.0000053
4.051  0.0000052
4.052  0.0000051
4.053  0.0000051
4.054  0.0000050
4.055  0.0000050
4.056  0.0000049
4.057  0.0000049
4.058  0.0000048
4.059  0.0000048
4.060  0.0000047
4.061  0.0000047
4.062  0.0000046
4.063  0.0000046
4.064  0.0000045
4.065  0.0000045
4.066  0.0000044
4.067  0.0000044
4.068  0.0000043
4.069  0.0000043
4.070  0.0000042
4.071  0.0000042
4.072  0.0000041
4.073  0.0000041
4.074  0.0000040
4.075  0.0000040
4.076  0.0000039
4.077  0.0000039
4.078  0.0000039
4.079  0.0000038
4.080  0.0000038
4.081  0.0000037
4.082  0.0000037
4.083  0.0000036
4.084  0.0000036
4.085  0.0000036
4.086  0.0000035
4.087  0.0000035
4.088  0.0000034
4.089  0.0000034
4.090  0.0000034
4.091  0.0000033
4.092  0.0000033
4.093  0.0000033
4.094  0.0000032
4.095  0.0000032
4.096  0.0000032
4.097  0.0000031
4.098  0.0000031
4.099  0.0000030
4.100  0.0000030
4.101  0.0000030
4.102  0.0000029
4.103  0.0000029
4.104  0.0000029
4.105  0.0000029
4.106  0.0000028
4.107  0.0000028
4.108  0.0000028
4.109  0.0000027
4.110  0.0000027
4.111  0.0000027
4.112  0.0000026
4.113  0.0000026
4.114  0.0000026
4.115  0.0000026
4.116  0.0000025
4.117  0.0000025
4.118  0.0000025
4.119  0.0000024
4.120  0.0000024
4.121  0.0000024
4.122  0.0000024
4.123  0.0000023
4.124  0.0000023
4.125  0.0000023
4.126  0.0000023
4.127  0.0000022
4.128  0.0000022
4.129  0.0000022
4.130  0.0000022
4.131  0.0000021
4.132  0.0000021
4.133  0.0000021
4.134  0.0000021
4.135  0.0000020
4.136  0.0000020
4.137  0.0000020
4.138  0.0000020
4.139  0.0000019
4.140  0.0000019
4.141  0.0000019
4.142  0.0000019
4.143  0.0000019
4.144  0.0000018
4.145  0.0000018
4.146  0.0000018
4.147  0.0000018
4.148  0.0000018
4.149  0.0000017
4.150  0.0000017
4.151  0.0000017
4.152  0.0000017
4.153  0.0000017
4.154  0.0000016
4.155  0.0000016
4.156  0.0000016
4.157  0.0000016
4.158  0.0000016
4.159  0.0000016
4.160  0.0000015
4.161  0.0000015
4.162  0.0000015
4.163  0.0000015
4.164  0.0000015
4.165  0.0000015
4.166  0.0000014
4.167  0.0000014
4.168  0.0000014
4.169  0.0000014
4.170  0.0000014
4.171  0.0000014
4.172  0.0000013
4.173  0.0000013
4.174  0.0000013
4.175  0.0000013
4.176  0.0000013
4.177  0.0000013
4.178  0.0000013
4.179  0.0000012
4.180  0.0000012
4.181  0.0000012
4.182  0.0000012
4.183  0.0000012
4.184  0.0000012
4.185  0.0000012
4.186  0.0000011
4.187  0.0000011
4.188  0.0000011
4.189  0.0000011
4.190  0.0000011
4.191  0.0000011
4.192  0.0000011
4.193  0.0000011
4.194  0.0000011
4.195  0.0000010
4.196  0.0000010
4.197  0.0000010
4.198  0.0000010
4.199  0.0000010
4.200  0.0000010
4.201  0.0000010
4.202  0.0000010
4.203  0.0000009
4.204  0.0000009
4.205  0.0000009
4.206  0.0000009
4.207  0.0000009
4.208  0.0000009
4.209  0.0000009
4.210  0.0000009
4.211  0.0000009
4.212  0.0000009
4.213  0.0000008
4.214  0.0000008
4.215  0.0000008
4.216  0.0000008
4.217  0.0000008
4.218  0.0000008
4.219  0.0000008
4.220  0.0000008
4.221  0.0000008
4.222  0.0000008
4.223  0.0000008
4.224  0.0000007
4.225  0.0000007
4.226  0.0000007
4.227  0.0000007
4.228  0.0000007
4.229  0.0000007
4.230  0.0000007
4.231  0.0000007
4.232  0.0000007
4.233  0.0000007
4.234  0.0000007
4.235  0.0000007
4.236  0.0000007
4.237  0.0000006
4.238  0.0000006
4.239  0.0000006
4.240  0.0000006
4.241  0.0000006
4.242  0.0000006
4.243  0.0000006
4.244  0.0000006
4.245  0.0000006
4.246  0.0000006
4.247  0.0000006
4.248  0.0000006
4.249  0.0000006
4.250  0.0000006
4.251  0.0000006
4.252  0.0000005
4.253  0.0000005
4.254  0.0000005
4.255  0.0000005
4.256  0.0000005
4.257  0.0000005
4.258  0.0000005
4.259  0.0000005
4.260  0.0000005
4.261  0.0000005
4.262  0.0000005
4.263  0.0000005
4.264  0.0000005
4.265  0.0000005
4.266  0.0000005
4.267  0.0000005
4.268  0.0000005
4.269  0.0000005
4.270  0.0000004
4.271  0.0000004
4.272  0.0000004
4.273  0.0000004
4.274  0.0000004
4.275  0.0000004
4.276  0.0000004
4.277  0.0000004
4.278  0.0000004
4.279  0.0000004
4.280  0.0000004
4.281  0.0000004
4.282  0.0000004
4.283  0.0000004
4.284  0.0000004
4.285  0.0000004
4.286  0.0000004
4.287  0.0000004
4.288  0.0000004
4.289  0.0000004
4.290  0.0000004
4.291  0.0000004
4.292  0.0000003
4.293  0.0000003
4.294  0.0000003
4.295  0.0000003
4.296  0.0000003
4.297  0.0000003
4.298  0.0000003
4.299  0.0000003
4.300  0.0000003
4.301  0.0000003
4.302  0.0000003
4.303  0.0000003
4.304  0.0000003
4.305  0.0000003
4.306  0.0000003
4.307  0.0000003
4.308  0.0000003
4.309  0.0000003
4.310  0.0000003
4.311  0.0000003
4.312  0.0000003
4.313  0.0000003
4.314  0.0000003
4.315  0.0000003
4.316  0.0000003
4.317  0.0000003
4.318  0.0000003
4.319  0.0000003
4.320  0.0000003
4.321  0.0000002
4.322  0.0000002
4.323  0.0000002
4.324  0.0000002
4.325  0.0000002
4.326  0.0000002
4.327  0.0000002
4.328  0.0000002
4.329  0.0000002
4.330  0.0000002
4.331  0.0000002
4.332  0.0000002
4.333  0.0000002
4.334  0.0000002
4.335  0.0000002
4.336  0.0000002
4.337  0.0000002
4.338  0.0000002
4.339  0.0000002
4.340  0.0000002
4.341  0.0000002
4.342  0.0000002
4.343  0.0000002
4.344  0.0000002
4.345  0.0000002
4.346  0.0000002
4.347  0.0000002
4.348  0.0000002
4.349  0.0000002
4.350  0.0000002
4.351  0.0000002
4.352  0.0000002
4.353  0.0000002
4.354  0.0000002
4.355  0.0000002
4.356  0.0000002
4.357  0.0000002
4.358  0.0000002
4.359  0.0000002
4.360  0.0000002
4.361  0.0000002
4.362  0.0000002
4.363  0.0000002
4.364  0.0000002
4.365  0.0000002
4.366  0.0000001
4.367  0.0000001
4.368  0.0000001
4.369  0.0000001
4.370  0.0000001
4.371  0.0000001
4.372  0.0000001
4.373  0.0000001
4.374  0.0000001
4.375  0.0000001
4.376  0.0000001
4.377  0.0000001
4.378  0.0000001
4.379  0.0000001
4.380  0.0000001
4.381  0.0000001
4.382  0.0000001
4.383  0.0000001
4.384  0.0000001
4.385  0.0000001
4.386  0.0000001
4.387  0.0000001
4.388  0.0000001
4.389  0.0000001
4.390  0.0000001
4.391  0.0000001
4.392  0.0000001
4.393  0.0000001
4.394  0.0000001
4.395  0.0000001
4.396  0.0000001
4.397  0.0000001
4.398  0.0000001
4.399  0.0000001
4.400  0.0000001
4.401  0.0000001
4.402  0.0000001
4.403  0.0000001
4.404  0.0000001
4.405  0.0000001
4.406  0.0000001
4.407  0.0000001
4.408  0.0000001
4.409  0.0000001
4.410  0.0000001
4.411  0.0000001
4.412  0.0000001
4.413  0.0000001
4.414  0.0000001
4.415  0.0000001
4.416  0.0000001
4.417  0.0000001
4.418  0.0000001
4.419  0.0000001
4.420  0.0000001
4.421  0.0000001
4.422  0.0000001
4.423  0.0000001
4.424  0.0000001
4.425  0.0000001
4.426  0.0000001
4.427  0.0000001
4.428  0.0000001
4.429  0.0000001
4.430  0.0000001
4.431  0.0000001
4.432  0.0000001
4.433  0.0000001
4.434  0.0000001
4.435  0.0000001
4.436  0.0000001
4.437  0.0000001
4.438  0.0000001
4.439  0.0000001
4.440  0.0000001
4.441  0.0000001
4.442  0.0000001
4.443  0.0000001
4.444  0.0000001
4.445  0.0000001
4.446  0.0000001
4.447  0.0000001
4.448  0.0000001
4.449  0.0000001
4.450  0.0000001
4.451  0.0000001
4.452  0.0000001
4.453  0.0000001
4.454  0.0000001
4.455  0.0000001
4.456  0.0000001
4.457  0.0000001
4.458  0.0000001
4.459  0.0000001
4.460  0.0000001
4.461  0.0000001
4.462  0.0000000
4.463  0.0000000
4.464  0.0000000
4.465  0.0000000
4.466  0.0000000
4.467  0.0000000
4.468  0.0000000
4.469  0.0000000
4.470  0.0000000
4.471  0.0000000
4.472  0.0000000
4.473  0.0000000
4.474  0.0000000
4.475  0.0000000
4.476  0.0000000
4.477  0.0000000
4.478  0.0000000
4.479  0.0000000
4.480  0.0000000
4.481  0.0000000
4.482  0.0000000
4.483  0.0000000
4.484  0.0000000
4.485  0.0000000
4.486  0.0000000
4.487  0.0000000
4.488  0.0000000
4.489  0.0000000
4.490  0.0000000
4.491  0.0000000
4.492  0.0000000
4.493  0.0000000
4.494  0.0000000
4.495  0.0000000
4.496  0.0000000
4.497  0.0000000
4.498  0.0000000
4.499  0.0000000
4.500  0.0000000
4.501  0.0000000
4.502  0.0000000
4.503  0.0000000
4.504  0.0000000
4.505  0.0000000
4.506  0.0000000
4.507  0.0000000
4.508  0.0000000
4.509  0.0000000
4.510  0.0000000
4.511  0.0000000
4.512  0.0000000
4.513  0.0000000
4.514  0.0000000
4.515  0.0000000
4.516  0.0000000
4.517  0.0000000
4.518  0.0000000
4.519  0.0000000
4.520  0.0000000
4.521  0.0000000
4.522  0.0000000
4.523  0.0000000
4.524  0.0000000
4.525  0.0000000
4.526  0.0000000
4.527  0.0000000
4.528  0.0000000
4.529  0.0000000
4.530  0.0000000
4.531  0.0000000
4.532  0.0000000
4.533  0.0000000
4.534  0.0000000
4.535  0.0000000
4.536  0.0000000
4.537  0.0000000
4.538  0.0000000
4.539  0.0000000
4.540  0.0000000
4.541  0.0000000
4.542  0.0000000
4.543  0.0000000
4.544  0.0000000
4.545  0.0000000
4.546  0.0000000
4.547  0.0000000
4.548  0.0000000
4.549  0.0000000
4.550  0.0000000
4.551  0.0000000
4.552  0.0000000
4.553  0.0000000
4.554  0.0000000
4.555  0.0000000
4.556  0.0000000
4.557  0.0000000
4.558  0.0000000
4.559  0.0000000
4.560  0.0000000
4.561  0.0000000
4.562  0.0000000
4.563  0.0000000
4.564  0.0000000
4.565  0.0000000
4.566  0.0000000
4.567  0.0000000
4.568  0.0000000
4.569  0.0000000
4.570  0.0000000
4.571  0.0000000
4.572  0.0000000
4.573  0.0000000
4.574  0.0000000
4.575  0.0000000
4.576  0.0000000
4.577  0.0000000
4.578  0.0000000
4.579  0.0000000
4.580  0.0000000
4.581  0.0000000
4.582  0.0000000
4.583  0.0000000
4.584  0.0000000
4.585  0.0000000
4.586  0.0000000
4.587  0.0000000
4.588  0.0000000
4.589  0.0000000
4.590  0.0000000
4.591  0.0000000
4.592  0.0000000
4.593  0.0000000
4.594  0.0000000
4.595  0.0000000
4.596  0.0000000
4.597  0.0000000
4.598  0.0000000
4.599  0.0000000
4.600  0.0000000
4.601  0.0000000
4.602  0.0000000
4.603  0.0000000
4.604  0.0000000
4.605  0.0000000
4.606  0.0000000
4.607  0.0000000
4.608  0.0000000
4.609  0.0000000
4.610  0.0000000
4.611  0.0000000
4.612  0.0000000
4.613  0.0000000
4.614  0.0000000
4.615  0.0000000
4.616  0.0000000
4.617  0.0000000
4.618  0.0000000
4.619  0.0000000
4.620  0.0000000
4.621  0.0000000
4.622  0.0000000
4.623  0.0000000
4.624  0.0000000
4.625  0.0000000
4.626  0.0000000
4.627  0.0000000
4.628  0.0000000
4.629  0.0000000
4.630  0.0000000
4.631  0.0000000
4.632  0.0000000
4.633  0.0000000
4.634  0.0000000
4.635  0.0000000
4.636  0.0000000
4.637  0.0000000
4.638  0.0000000
4.639  0.0000000
4.640  0.0000000
4.641  0.0000000
4.642  0.0000000
4.643  0.0000000
4.644  0.0000000
4.645  0.0000000
4.646  0.0000000
4.647  0.0000000
4.648  0.0000000
4.649  0.0000000
4.650  0.0000000
4.651  0.0000000
4.652  0.0000000
4.653  0.0000000
4.654  0.0000000
4.655  0.0000000
4.656  0.0000000
4.657  0.0000000
4.658  0.0000000
4.659  0.0000000
4.660  0.0000000
4.661  0.0000000
4.662  0.0000000
4.663  0.0000000
4.664  0.0000000
4.665  0.0000000
4.666  0.0000000
4.667  0.0000000
4.668  0.0000000
4.669  0.0000000
4.670  0.0000000
4.671  0.0000000
4.672  0.0000000
4.673  0.0000000
4.674  0.0000000
4.675  0.0000000
4.676  0.0000000
4.677  0.0000000
4.678  0.0000000
4.679  0.0000000
4.680  0.0000000
4.681  0.0000000
4.682  0.0000000
4.683  0.0000000
4.684  0.0000000
4.685  0.0000000
4.686  0.0000000
4.687  0.0000000
4.688  0.0000000
4.689  0.0000000
4.690  0.0000000
4.691  0.0000000
4.692  0.0000000
4.693  0.0000000
4.694  0.0000000
4.695  0.0000000
4.696  0.0000000
4.697  0.0000000
4.698  0.0000000
4.699  0.0000000
4.700  0.0000000
4.701  0.0000000
4.702  0.0000000
4.703  0.0000000
4.704  0.0000000
4.705  0.0000000
4.706  0.0000000
4.707  0.0000000
4.708  0.0000000
4.709  0.0000000
4.710  0.0000000
4.711  0.0000000
4.712  0.0000000
4.713  0.0000000
4.714  0.0000000
4.715  0.0000000
4.716  0.0000000
4.717  0.0000000
4.718  0.0000000
4.719  0.0000000
4.720  0.0000000
4.721  0.0000000
4.722  0.0000000
4.723  0.0000000
4.724  0.0000000
4.725  0.0000000
4.726  0.0000000
4.727  0.0000000
4.728  0.0000000
4.729  0.0000000
4.730  0.0000000
4.731  0.0000000
4.732  0.0000000
4.733  0.0000000
4.734  0.0000000
4.735  0.0000000
4.736  0.0000000
4.737  0.0000000
4.738  0.0000000
4.739  0.0000000
4.740  0.0000000
4.741  0.0000000
4.742  0.0000000
4.743  0.0000000
4.744  0.0000000
4.745  0.0000000
4.746  0.0000000
4.747  0.0000000
4.748  0.0000000
4.749  0.0000000
4.750  0.0000000
4.751  0.0000000
4.752  0.0000000
4.753  0.0000000
4.754  0.0000000
4.755  0.0000000
4.756  0.0000000
4.757  0.0000000
4.758  0.0000000
4.759  0.0000000
4.760  0.0000000
4.761  0.0000000
4.762  0.0000000
4.763  0.0000000
4.764  0.0000000
4.765  0.0000000
4.766  0.0000000
4.767  0.0000000
4.768  0.0000000
4.769  0.0000000
4.770  0.0000000
4.771  0.0000000
4.772  0.0000000
4.773  0.0000000
4.774  0.0000000
4.775  0.0000000
4.776  0.0000000
4.777  0.0000000
4.778  0.0000000
4.779  0.0000000
4.780  0.0000000
4.781  0.0000000
4.782  0.0000000
4.783  0.0000000
4.784  0.0000000
4.785  0.0000000
4.786  0.0000000
4.787  0.0000000
4.788  0.0000000
4.789  0.0000000
4.790  0.0000000
4.791  0.0000000
4.792  0.0000000
4.793  0.0000000
4.794  0.0000000
4.795  0.0000000
4.796  0.0000000
4.797  0.0000000
4.798  0.0000000
4.799  0.0000000
4.800  0.0000000
