# Solution of radial Schr. equation for   E(v=  2,J=  0) = -17099.5771053
# ----------------------------------------------------------------------------
0.231  0.0000000
0.232  0.0000000
0.233  0.0000000
0.234  0.0000000
0.235  0.0000000
0.236  0.0000000
0.237  0.0000000
0.238  0.0000000
0.239  0.0000000
0.240  0.0000000
0.241  0.0000000
0.242  0.0000000
0.243  0.0000000
0.244  0.0000000
0.245  0.0000000
0.246  0.0000000
0.247  0.0000000
0.248  0.0000000
0.249  0.0000000
0.250  0.0000000
0.251  0.0000000
0.252  0.0000000
0.253  0.0000000
0.254  0.0000000
0.255  0.0000000
0.256  0.0000000
0.257  0.0000000
0.258  0.0000000
0.259  0.0000000
0.260  0.0000000
0.261  0.0000000
0.262  0.0000000
0.263  0.0000000
0.264  0.0000000
0.265  0.0000000
0.266  0.0000000
0.267  0.0000000
0.268  0.0000000
0.269  0.0000000
0.270  0.0000000
0.271  0.0000000
0.272  0.0000000
0.273  0.0000000
0.274  0.0000000
0.275  0.0000000
0.276  0.0000000
0.277  0.0000000
0.278  0.0000000
0.279  0.0000000
0.280  0.0000000
0.281  0.0000000
0.282  0.0000001
0.283  0.0000001
0.284  0.0000001
0.285  0.0000001
0.286  0.0000001
0.287  0.0000001
0.288  0.0000001
0.289  0.0000001
0.290  0.0000001
0.291  0.0000001
0.292  0.0000001
0.293  0.0000001
0.294  0.0000001
0.295  0.0000001
0.296  0.0000001
0.297  0.0000001
0.298  0.0000002
0.299  0.0000002
0.300  0.0000002
0.301  0.0000002
0.302  0.0000002
0.303  0.0000002
0.304  0.0000002
0.305  0.0000002
0.306  0.0000003
0.307  0.0000003
0.308  0.0000003
0.309  0.0000003
0.310  0.0000003
0.311  0.0000004
0.312  0.0000004
0.313  0.0000004
0.314  0.0000004
0.315  0.0000005
0.316  0.0000005
0.317  0.0000005
0.318  0.0000006
0.319  0.0000006
0.320  0.0000006
0.321  0.0000007
0.322  0.0000007
0.323  0.0000008
0.324  0.0000008
0.325  0.0000009
0.326  0.0000009
0.327  0.0000010
0.328  0.0000011
0.329  0.0000011
0.330  0.0000012
0.331  0.0000013
0.332  0.0000014
0.333  0.0000014
0.334  0.0000015
0.335  0.0000016
0.336  0.0000017
0.337  0.0000018
0.338  0.0000019
0.339  0.0000021
0.340  0.0000022
0.341  0.0000023
0.342  0.0000024
0.343  0.0000026
0.344  0.0000027
0.345  0.0000029
0.346  0.0000031
0.347  0.0000033
0.348  0.0000035
0.349  0.0000037
0.350  0.0000039
0.351  0.0000041
0.352  0.0000043
0.353  0.0000046
0.354  0.0000048
0.355  0.0000051
0.356  0.0000054
0.357  0.0000057
0.358  0.0000060
0.359  0.0000064
0.360  0.0000067
0.361  0.0000071
0.362  0.0000075
0.363  0.0000079
0.364  0.0000084
0.365  0.0000088
0.366  0.0000093
0.367  0.0000098
0.368  0.0000104
0.369  0.0000109
0.370  0.0000115
0.371  0.0000121
0.372  0.0000128
0.373  0.0000135
0.374  0.0000142
0.375  0.0000150
0.376  0.0000158
0.377  0.0000166
0.378  0.0000175
0.379  0.0000184
0.380  0.0000193
0.381  0.0000204
0.382  0.0000214
0.383  0.0000225
0.384  0.0000237
0.385  0.0000249
0.386  0.0000262
0.387  0.0000275
0.388  0.0000289
0.389  0.0000304
0.390  0.0000319
0.391  0.0000335
0.392  0.0000352
0.393  0.0000370
0.394  0.0000388
0.395  0.0000408
0.396  0.0000428
0.397  0.0000449
0.398  0.0000471
0.399  0.0000494
0.400  0.0000519
0.401  0.0000544
0.402  0.0000570
0.403  0.0000598
0.404  0.0000627
0.405  0.0000657
0.406  0.0000688
0.407  0.0000721
0.408  0.0000756
0.409  0.0000792
0.410  0.0000829
0.411  0.0000868
0.412  0.0000909
0.413  0.0000951
0.414  0.0000996
0.415  0.0001042
0.416  0.0001090
0.417  0.0001140
0.418  0.0001193
0.419  0.0001248
0.420  0.0001305
0.421  0.0001364
0.422  0.0001426
0.423  0.0001490
0.424  0.0001557
0.425  0.0001627
0.426  0.0001700
0.427  0.0001776
0.428  0.0001855
0.429  0.0001937
0.430  0.0002023
0.431  0.0002111
0.432  0.0002204
0.433  0.0002300
0.434  0.0002400
0.435  0.0002505
0.436  0.0002613
0.437  0.0002725
0.438  0.0002842
0.439  0.0002964
0.440  0.0003091
0.441  0.0003222
0.442  0.0003358
0.443  0.0003500
0.444  0.0003647
0.445  0.0003800
0.446  0.0003959
0.447  0.0004124
0.448  0.0004295
0.449  0.0004472
0.450  0.0004657
0.451  0.0004848
0.452  0.0005046
0.453  0.0005252
0.454  0.0005465
0.455  0.0005687
0.456  0.0005916
0.457  0.0006154
0.458  0.0006401
0.459  0.0006656
0.460  0.0006921
0.461  0.0007196
0.462  0.0007480
0.463  0.0007775
0.464  0.0008080
0.465  0.0008396
0.466  0.0008723
0.467  0.0009062
0.468  0.0009413
0.469  0.0009776
0.470  0.0010152
0.471  0.0010541
0.472  0.0010944
0.473  0.0011360
0.474  0.0011791
0.475  0.0012236
0.476  0.0012697
0.477  0.0013173
0.478  0.0013666
0.479  0.0014175
0.480  0.0014701
0.481  0.0015245
0.482  0.0015807
0.483  0.0016388
0.484  0.0016988
0.485  0.0017608
0.486  0.0018248
0.487  0.0018909
0.488  0.0019592
0.489  0.0020297
0.490  0.0021025
0.491  0.0021776
0.492  0.0022551
0.493  0.0023351
0.494  0.0024176
0.495  0.0025028
0.496  0.0025906
0.497  0.0026812
0.498  0.0027747
0.499  0.0028711
0.500  0.0029704
0.501  0.0030729
0.502  0.0031785
0.503  0.0032873
0.504  0.0033995
0.505  0.0035150
0.506  0.0036341
0.507  0.0037568
0.508  0.0038832
0.509  0.0040133
0.510  0.0041474
0.511  0.0042854
0.512  0.0044275
0.513  0.0045738
0.514  0.0047244
0.515  0.0048794
0.516  0.0050389
0.517  0.0052030
0.518  0.0053719
0.519  0.0055456
0.520  0.0057243
0.521  0.0059081
0.522  0.0060971
0.523  0.0062914
0.524  0.0064913
0.525  0.0066967
0.526  0.0069078
0.527  0.0071249
0.528  0.0073479
0.529  0.0075771
0.530  0.0078125
0.531  0.0080544
0.532  0.0083029
0.533  0.0085581
0.534  0.0088202
0.535  0.0090894
0.536  0.0093657
0.537  0.0096494
0.538  0.0099406
0.539  0.0102395
0.540  0.0105463
0.541  0.0108611
0.542  0.0111841
0.543  0.0115155
0.544  0.0118554
0.545  0.0122040
0.546  0.0125616
0.547  0.0129284
0.548  0.0133044
0.549  0.0136899
0.550  0.0140851
0.551  0.0144902
0.552  0.0149054
0.553  0.0153309
0.554  0.0157669
0.555  0.0162136
0.556  0.0166712
0.557  0.0171401
0.558  0.0176202
0.559  0.0181120
0.560  0.0186156
0.561  0.0191312
0.562  0.0196591
0.563  0.0201995
0.564  0.0207527
0.565  0.0213189
0.566  0.0218982
0.567  0.0224911
0.568  0.0230977
0.569  0.0237183
0.570  0.0243531
0.571  0.0250023
0.572  0.0256664
0.573  0.0263454
0.574  0.0270397
0.575  0.0277496
0.576  0.0284753
0.577  0.0292171
0.578  0.0299752
0.579  0.0307500
0.580  0.0315417
0.581  0.0323506
0.582  0.0331771
0.583  0.0340213
0.584  0.0348836
0.585  0.0357643
0.586  0.0366637
0.587  0.0375821
0.588  0.0385197
0.589  0.0394770
0.590  0.0404541
0.591  0.0414515
0.592  0.0424693
0.593  0.0435080
0.594  0.0445679
0.595  0.0456492
0.596  0.0467523
0.597  0.0478775
0.598  0.0490252
0.599  0.0501956
0.600  0.0513892
0.601  0.0526061
0.602  0.0538468
0.603  0.0551116
0.604  0.0564009
0.605  0.0577149
0.606  0.0590540
0.607  0.0604186
0.608  0.0618090
0.609  0.0632255
0.610  0.0646684
0.611  0.0661382
0.612  0.0676352
0.613  0.0691597
0.614  0.0707120
0.615  0.0722926
0.616  0.0739017
0.617  0.0755398
0.618  0.0772071
0.619  0.0789040
0.620  0.0806309
0.621  0.0823881
0.622  0.0841760
0.623  0.0859949
0.624  0.0878452
0.625  0.0897272
0.626  0.0916413
0.627  0.0935878
0.628  0.0955671
0.629  0.0975795
0.630  0.0996254
0.631  0.1017051
0.632  0.1038190
0.633  0.1059674
0.634  0.1081507
0.635  0.1103692
0.636  0.1126232
0.637  0.1149131
0.638  0.1172393
0.639  0.1196019
0.640  0.1220015
0.641  0.1244383
0.642  0.1269127
0.643  0.1294249
0.644  0.1319754
0.645  0.1345643
0.646  0.1371921
0.647  0.1398591
0.648  0.1425655
0.649  0.1453118
0.650  0.1480980
0.651  0.1509247
0.652  0.1537921
0.653  0.1567004
0.654  0.1596500
0.655  0.1626412
0.656  0.1656741
0.657  0.1687492
0.658  0.1718667
0.659  0.1750268
0.660  0.1782298
0.661  0.1814759
0.662  0.1847655
0.663  0.1880987
0.664  0.1914758
0.665  0.1948970
0.666  0.1983626
0.667  0.2018727
0.668  0.2054276
0.669  0.2090275
0.670  0.2126726
0.671  0.2163630
0.672  0.2200990
0.673  0.2238808
0.674  0.2277085
0.675  0.2315822
0.676  0.2355022
0.677  0.2394685
0.678  0.2434814
0.679  0.2475408
0.680  0.2516471
0.681  0.2558002
0.682  0.2600003
0.683  0.2642475
0.684  0.2685418
0.685  0.2728834
0.686  0.2772722
0.687  0.2817085
0.688  0.2861921
0.689  0.2907231
0.690  0.2953016
0.691  0.2999276
0.692  0.3046010
0.693  0.3093219
0.694  0.3140903
0.695  0.3189061
0.696  0.3237693
0.697  0.3286797
0.698  0.3336375
0.699  0.3386425
0.700  0.3436945
0.701  0.3487936
0.702  0.3539395
0.703  0.3591322
0.704  0.3643715
0.705  0.3696574
0.706  0.3749895
0.707  0.3803677
0.708  0.3857919
0.709  0.3912619
0.710  0.3967774
0.711  0.4023382
0.712  0.4079440
0.713  0.4135946
0.714  0.4192898
0.715  0.4250292
0.716  0.4308126
0.717  0.4366395
0.718  0.4425098
0.719  0.4484231
0.720  0.4543789
0.721  0.4603769
0.722  0.4664168
0.723  0.4724982
0.724  0.4786205
0.725  0.4847835
0.726  0.4909865
0.727  0.4972293
0.728  0.5035112
0.729  0.5098319
0.730  0.5161907
0.731  0.5225872
0.732  0.5290208
0.733  0.5354910
0.734  0.5419972
0.735  0.5485388
0.736  0.5551152
0.737  0.5617258
0.738  0.5683700
0.739  0.5750470
0.740  0.5817563
0.741  0.5884971
0.742  0.5952687
0.743  0.6020705
0.744  0.6089017
0.745  0.6157615
0.746  0.6226492
0.747  0.6295640
0.748  0.6365051
0.749  0.6434717
0.750  0.6504629
0.751  0.6574780
0.752  0.6645160
0.753  0.6715761
0.754  0.6786574
0.755  0.6857590
0.756  0.6928800
0.757  0.7000193
0.758  0.7071762
0.759  0.7143495
0.760  0.7215383
0.761  0.7287417
0.762  0.7359585
0.763  0.7431878
0.764  0.7504285
0.765  0.7576796
0.766  0.7649399
0.767  0.7722084
0.768  0.7794840
0.769  0.7867656
0.770  0.7940520
0.771  0.8013420
0.772  0.8086346
0.773  0.8159285
0.774  0.8232225
0.775  0.8305155
0.776  0.8378062
0.777  0.8450934
0.778  0.8523759
0.779  0.8596524
0.780  0.8669215
0.781  0.8741822
0.782  0.8814329
0.783  0.8886725
0.784  0.8958997
0.785  0.9031130
0.786  0.9103112
0.787  0.9174929
0.788  0.9246568
0.789  0.9318014
0.790  0.9389254
0.791  0.9460274
0.792  0.9531060
0.793  0.9601598
0.794  0.9671874
0.795  0.9741872
0.796  0.9811580
0.797  0.9880982
0.798  0.9950064
0.799  1.0018811
0.800  1.0087208
0.801  1.0155241
0.802  1.0222895
0.803  1.0290155
0.804  1.0357006
0.805  1.0423433
0.806  1.0489421
0.807  1.0554954
0.808  1.0620017
0.809  1.0684596
0.810  1.0748675
0.811  1.0812238
0.812  1.0875270
0.813  1.0937757
0.814  1.0999681
0.815  1.1061029
0.816  1.1121783
0.817  1.1181930
0.818  1.1241454
0.819  1.1300338
0.820  1.1358567
0.821  1.1416127
0.822  1.1473001
0.823  1.1529174
0.824  1.1584630
0.825  1.1639354
0.826  1.1693331
0.827  1.1746545
0.828  1.1798980
0.829  1.1850621
0.830  1.1901453
0.831  1.1951461
0.832  1.2000629
0.833  1.2048942
0.834  1.2096385
0.835  1.2142943
0.836  1.2188600
0.837  1.2233342
0.838  1.2277154
0.839  1.2320021
0.840  1.2361928
0.841  1.2402861
0.842  1.2442804
0.843  1.2481744
0.844  1.2519666
0.845  1.2556555
0.846  1.2592398
0.847  1.2627180
0.848  1.2660887
0.849  1.2693506
0.850  1.2725022
0.851  1.2755422
0.852  1.2784693
0.853  1.2812821
0.854  1.2839793
0.855  1.2865595
0.856  1.2890215
0.857  1.2913640
0.858  1.2935858
0.859  1.2956855
0.860  1.2976620
0.861  1.2995140
0.862  1.3012403
0.863  1.3028398
0.864  1.3043112
0.865  1.3056535
0.866  1.3068655
0.867  1.3079461
0.868  1.3088942
0.869  1.3097087
0.870  1.3103887
0.871  1.3109329
0.872  1.3113406
0.873  1.3116106
0.874  1.3117419
0.875  1.3117338
0.876  1.3115852
0.877  1.3112951
0.878  1.3108629
0.879  1.3102876
0.880  1.3095683
0.881  1.3087043
0.882  1.3076948
0.883  1.3065390
0.884  1.3052363
0.885  1.3037858
0.886  1.3021870
0.887  1.3004391
0.888  1.2985416
0.889  1.2964938
0.890  1.2942952
0.891  1.2919452
0.892  1.2894433
0.893  1.2867891
0.894  1.2839820
0.895  1.2810216
0.896  1.2779075
0.897  1.2746394
0.898  1.2712168
0.899  1.2676395
0.900  1.2639072
0.901  1.2600196
0.902  1.2559765
0.903  1.2517777
0.904  1.2474230
0.905  1.2429123
0.906  1.2382455
0.907  1.2334224
0.908  1.2284431
0.909  1.2233075
0.910  1.2180157
0.911  1.2125676
0.912  1.2069635
0.913  1.2012032
0.914  1.1952872
0.915  1.1892154
0.916  1.1829881
0.917  1.1766055
0.918  1.1700679
0.919  1.1633757
0.920  1.1565291
0.921  1.1495284
0.922  1.1423742
0.923  1.1350668
0.924  1.1276067
0.925  1.1199944
0.926  1.1122304
0.927  1.1043153
0.928  1.0962497
0.929  1.0880341
0.930  1.0796693
0.931  1.0711560
0.932  1.0624948
0.933  1.0536865
0.934  1.0447319
0.935  1.0356319
0.936  1.0263872
0.937  1.0169988
0.938  1.0074676
0.939  0.9977945
0.940  0.9879804
0.941  0.9780265
0.942  0.9679337
0.943  0.9577032
0.944  0.9473360
0.945  0.9368332
0.946  0.9261960
0.947  0.9154257
0.948  0.9045234
0.949  0.8934904
0.950  0.8823281
0.951  0.8710376
0.952  0.8596204
0.953  0.8480778
0.954  0.8364112
0.955  0.8246221
0.956  0.8127120
0.957  0.8006823
0.958  0.7885345
0.959  0.7762702
0.960  0.7638911
0.961  0.7513985
0.962  0.7387943
0.963  0.7260801
0.964  0.7132574
0.965  0.7003282
0.966  0.6872940
0.967  0.6741567
0.968  0.6609181
0.969  0.6475799
0.970  0.6341440
0.971  0.6206122
0.972  0.6069865
0.973  0.5932687
0.974  0.5794608
0.975  0.5655647
0.976  0.5515825
0.977  0.5375160
0.978  0.5233673
0.979  0.5091386
0.980  0.4948317
0.981  0.4804488
0.982  0.4659921
0.983  0.4514636
0.984  0.4368654
0.985  0.4221998
0.986  0.4074689
0.987  0.3926749
0.988  0.3778199
0.989  0.3629064
0.990  0.3479364
0.991  0.3329122
0.992  0.3178362
0.993  0.3027105
0.994  0.2875376
0.995  0.2723197
0.996  0.2570592
0.997  0.2417583
0.998  0.2264196
0.999  0.2110452
1.000  0.1956377
1.001  0.1801994
1.002  0.1647327
1.003  0.1492400
1.004  0.1337238
1.005  0.1181864
1.006  0.1026303
1.007  0.0870580
1.008  0.0714719
1.009  0.0558745
1.010  0.0402682
1.011  0.0246554
1.012  0.0090388
1.013 -0.0065792
1.014 -0.0221963
1.015 -0.0378097
1.016 -0.0534172
1.017 -0.0690161
1.018 -0.0846040
1.019 -0.1001784
1.020 -0.1157368
1.021 -0.1312766
1.022 -0.1467955
1.023 -0.1622908
1.024 -0.1777601
1.025 -0.1932010
1.026 -0.2086108
1.027 -0.2239871
1.028 -0.2393275
1.029 -0.2546294
1.030 -0.2698904
1.031 -0.2851079
1.032 -0.3002796
1.033 -0.3154030
1.034 -0.3304756
1.035 -0.3454949
1.036 -0.3604586
1.037 -0.3753642
1.038 -0.3902092
1.039 -0.4049913
1.040 -0.4197081
1.041 -0.4343571
1.042 -0.4489360
1.043 -0.4634424
1.044 -0.4778739
1.045 -0.4922283
1.046 -0.5065031
1.047 -0.5206961
1.048 -0.5348049
1.049 -0.5488272
1.050 -0.5627608
1.051 -0.5766034
1.052 -0.5903528
1.053 -0.6040067
1.054 -0.6175628
1.055 -0.6310191
1.056 -0.6443733
1.057 -0.6576233
1.058 -0.6707669
1.059 -0.6838020
1.060 -0.6967265
1.061 -0.7095382
1.062 -0.7222352
1.063 -0.7348154
1.064 -0.7472767
1.065 -0.7596172
1.066 -0.7718349
1.067 -0.7839277
1.068 -0.7958939
1.069 -0.8077313
1.070 -0.8194383
1.071 -0.8310128
1.072 -0.8424531
1.073 -0.8537573
1.074 -0.8649237
1.075 -0.8759504
1.076 -0.8868357
1.077 -0.8975780
1.078 -0.9081754
1.079 -0.9186264
1.080 -0.9289292
1.081 -0.9390823
1.082 -0.9490842
1.083 -0.9589331
1.084 -0.9686277
1.085 -0.9781663
1.086 -0.9875476
1.087 -0.9967701
1.088 -1.0058323
1.089 -1.0147328
1.090 -1.0234704
1.091 -1.0320437
1.092 -1.0404513
1.093 -1.0486921
1.094 -1.0567647
1.095 -1.0646680
1.096 -1.0724008
1.097 -1.0799618
1.098 -1.0873501
1.099 -1.0945646
1.100 -1.1016041
1.101 -1.1084676
1.102 -1.1151542
1.103 -1.1216629
1.104 -1.1279928
1.105 -1.1341429
1.106 -1.1401125
1.107 -1.1459006
1.108 -1.1515065
1.109 -1.1569294
1.110 -1.1621685
1.111 -1.1672232
1.112 -1.1720929
1.113 -1.1767768
1.114 -1.1812743
1.115 -1.1855849
1.116 -1.1897081
1.117 -1.1936433
1.118 -1.1973901
1.119 -1.2009480
1.120 -1.2043166
1.121 -1.2074955
1.122 -1.2104845
1.123 -1.2132831
1.124 -1.2158911
1.125 -1.2183084
1.126 -1.2205346
1.127 -1.2225695
1.128 -1.2244131
1.129 -1.2260652
1.130 -1.2275258
1.131 -1.2287948
1.132 -1.2298721
1.133 -1.2307579
1.134 -1.2314520
1.135 -1.2319548
1.136 -1.2322661
1.137 -1.2323863
1.138 -1.2323154
1.139 -1.2320537
1.140 -1.2316014
1.141 -1.2309588
1.142 -1.2301262
1.143 -1.2291039
1.144 -1.2278922
1.145 -1.2264917
1.146 -1.2249027
1.147 -1.2231257
1.148 -1.2211611
1.149 -1.2190094
1.150 -1.2166713
1.151 -1.2141473
1.152 -1.2114380
1.153 -1.2085440
1.154 -1.2054661
1.155 -1.2022048
1.156 -1.1987609
1.157 -1.1951352
1.158 -1.1913284
1.159 -1.1873414
1.160 -1.1831749
1.161 -1.1788299
1.162 -1.1743072
1.163 -1.1696078
1.164 -1.1647325
1.165 -1.1596824
1.166 -1.1544584
1.167 -1.1490615
1.168 -1.1434929
1.169 -1.1377536
1.170 -1.1318446
1.171 -1.1257670
1.172 -1.1195221
1.173 -1.1131110
1.174 -1.1065349
1.175 -1.0997950
1.176 -1.0928925
1.177 -1.0858286
1.178 -1.0786048
1.179 -1.0712222
1.180 -1.0636822
1.181 -1.0559861
1.182 -1.0481353
1.183 -1.0401313
1.184 -1.0319753
1.185 -1.0236688
1.186 -1.0152133
1.187 -1.0066103
1.188 -0.9978611
1.189 -0.9889674
1.190 -0.9799307
1.191 -0.9707524
1.192 -0.9614341
1.193 -0.9519775
1.194 -0.9423840
1.195 -0.9326554
1.196 -0.9227932
1.197 -0.9127990
1.198 -0.9026746
1.199 -0.8924215
1.200 -0.8820415
1.201 -0.8715363
1.202 -0.8609076
1.203 -0.8501570
1.204 -0.8392864
1.205 -0.8282974
1.206 -0.8171919
1.207 -0.8059715
1.208 -0.7946382
1.209 -0.7831937
1.210 -0.7716397
1.211 -0.7599782
1.212 -0.7482108
1.213 -0.7363396
1.214 -0.7243662
1.215 -0.7122926
1.216 -0.7001206
1.217 -0.6878521
1.218 -0.6754890
1.219 -0.6630331
1.220 -0.6504864
1.221 -0.6378506
1.222 -0.6251278
1.223 -0.6123199
1.224 -0.5994287
1.225 -0.5864562
1.226 -0.5734042
1.227 -0.5602748
1.228 -0.5470699
1.229 -0.5337913
1.230 -0.5204410
1.231 -0.5070210
1.232 -0.4935332
1.233 -0.4799796
1.234 -0.4663620
1.235 -0.4526825
1.236 -0.4389430
1.237 -0.4251454
1.238 -0.4112917
1.239 -0.3973838
1.240 -0.3834237
1.241 -0.3694133
1.242 -0.3553546
1.243 -0.3412495
1.244 -0.3271000
1.245 -0.3129079
1.246 -0.2986753
1.247 -0.2844040
1.248 -0.2700961
1.249 -0.2557534
1.250 -0.2413778
1.251 -0.2269713
1.252 -0.2125357
1.253 -0.1980731
1.254 -0.1835852
1.255 -0.1690741
1.256 -0.1545415
1.257 -0.1399895
1.258 -0.1254198
1.259 -0.1108343
1.260 -0.0962349
1.261 -0.0816235
1.262 -0.0670019
1.263 -0.0523719
1.264 -0.0377355
1.265 -0.0230944
1.266 -0.0084504
1.267  0.0061946
1.268  0.0208389
1.269  0.0354806
1.270  0.0501180
1.271  0.0647492
1.272  0.0793726
1.273  0.0939863
1.274  0.1085887
1.275  0.1231780
1.276  0.1377525
1.277  0.1523104
1.278  0.1668502
1.279  0.1813700
1.280  0.1958682
1.281  0.2103432
1.282  0.2247932
1.283  0.2392168
1.284  0.2536122
1.285  0.2679778
1.286  0.2823121
1.287  0.2966134
1.288  0.3108802
1.289  0.3251110
1.290  0.3393041
1.291  0.3534581
1.292  0.3675714
1.293  0.3816426
1.294  0.3956701
1.295  0.4096525
1.296  0.4235884
1.297  0.4374762
1.298  0.4513146
1.299  0.4651022
1.300  0.4788375
1.301  0.4925192
1.302  0.5061459
1.303  0.5197163
1.304  0.5332291
1.305  0.5466828
1.306  0.5600763
1.307  0.5734083
1.308  0.5866774
1.309  0.5998825
1.310  0.6130222
1.311  0.6260955
1.312  0.6391010
1.313  0.6520376
1.314  0.6649042
1.315  0.6776995
1.316  0.6904225
1.317  0.7030721
1.318  0.7156471
1.319  0.7281464
1.320  0.7405690
1.321  0.7529139
1.322  0.7651801
1.323  0.7773664
1.324  0.7894720
1.325  0.8014958
1.326  0.8134369
1.327  0.8252944
1.328  0.8370673
1.329  0.8487547
1.330  0.8603557
1.331  0.8718696
1.332  0.8832953
1.333  0.8946321
1.334  0.9058792
1.335  0.9170358
1.336  0.9281011
1.337  0.9390742
1.338  0.9499546
1.339  0.9607414
1.340  0.9714340
1.341  0.9820316
1.342  0.9925336
1.343  1.0029393
1.344  1.0132482
1.345  1.0234594
1.346  1.0335725
1.347  1.0435869
1.348  1.0535020
1.349  1.0633173
1.350  1.0730321
1.351  1.0826461
1.352  1.0921586
1.353  1.1015693
1.354  1.1108776
1.355  1.1200832
1.356  1.1291855
1.357  1.1381841
1.358  1.1470787
1.359  1.1558689
1.360  1.1645543
1.361  1.1731346
1.362  1.1816094
1.363  1.1899784
1.364  1.1982414
1.365  1.2063980
1.366  1.2144480
1.367  1.2223911
1.368  1.2302271
1.369  1.2379558
1.370  1.2455769
1.371  1.2530904
1.372  1.2604959
1.373  1.2677935
1.374  1.2749828
1.375  1.2820639
1.376  1.2890366
1.377  1.2959007
1.378  1.3026563
1.379  1.3093033
1.380  1.3158416
1.381  1.3222712
1.382  1.3285920
1.383  1.3348041
1.384  1.3409074
1.385  1.3469021
1.386  1.3527880
1.387  1.3585654
1.388  1.3642342
1.389  1.3697945
1.390  1.3752465
1.391  1.3805902
1.392  1.3858257
1.393  1.3909532
1.394  1.3959728
1.395  1.4008847
1.396  1.4056891
1.397  1.4103861
1.398  1.4149760
1.399  1.4194588
1.400  1.4238350
1.401  1.4281047
1.402  1.4322681
1.403  1.4363255
1.404  1.4402771
1.405  1.4441234
1.406  1.4478644
1.407  1.4515006
1.408  1.4550323
1.409  1.4584597
1.410  1.4617833
1.411  1.4650033
1.412  1.4681202
1.413  1.4711342
1.414  1.4740458
1.415  1.4768553
1.416  1.4795632
1.417  1.4821698
1.418  1.4846756
1.419  1.4870809
1.420  1.4893863
1.421  1.4915922
1.422  1.4936990
1.423  1.4957072
1.424  1.4976172
1.425  1.4994295
1.426  1.5011447
1.427  1.5027632
1.428  1.5042854
1.429  1.5057120
1.430  1.5070435
1.431  1.5082803
1.432  1.5094230
1.433  1.5104721
1.434  1.5114282
1.435  1.5122919
1.436  1.5130637
1.437  1.5137441
1.438  1.5143338
1.439  1.5148333
1.440  1.5152432
1.441  1.5155641
1.442  1.5157967
1.443  1.5159414
1.444  1.5159990
1.445  1.5159700
1.446  1.5158550
1.447  1.5156548
1.448  1.5153698
1.449  1.5150008
1.450  1.5145484
1.451  1.5140132
1.452  1.5133960
1.453  1.5126972
1.454  1.5119177
1.455  1.5110580
1.456  1.5101189
1.457  1.5091009
1.458  1.5080049
1.459  1.5068314
1.460  1.5055811
1.461  1.5042548
1.462  1.5028530
1.463  1.5013766
1.464  1.4998261
1.465  1.4982024
1.466  1.4965060
1.467  1.4947377
1.468  1.4928982
1.469  1.4909882
1.470  1.4890084
1.471  1.4869596
1.472  1.4848423
1.473  1.4826574
1.474  1.4804055
1.475  1.4780875
1.476  1.4757039
1.477  1.4732555
1.478  1.4707430
1.479  1.4681672
1.480  1.4655287
1.481  1.4628284
1.482  1.4600668
1.483  1.4572448
1.484  1.4543631
1.485  1.4514224
1.486  1.4484233
1.487  1.4453667
1.488  1.4422533
1.489  1.4390838
1.490  1.4358588
1.491  1.4325792
1.492  1.4292457
1.493  1.4258590
1.494  1.4224197
1.495  1.4189287
1.496  1.4153867
1.497  1.4117943
1.498  1.4081523
1.499  1.4044614
1.500  1.4007223
1.501  1.3969358
1.502  1.3931025
1.503  1.3892232
1.504  1.3852986
1.505  1.3813294
1.506  1.3773163
1.507  1.3732600
1.508  1.3691612
1.509  1.3650206
1.510  1.3608389
1.511  1.3566168
1.512  1.3523551
1.513  1.3480543
1.514  1.3437153
1.515  1.3393386
1.516  1.3349250
1.517  1.3304752
1.518  1.3259897
1.519  1.3214695
1.520  1.3169150
1.521  1.3123269
1.522  1.3077060
1.523  1.3030530
1.524  1.2983684
1.525  1.2936529
1.526  1.2889072
1.527  1.2841320
1.528  1.2793278
1.529  1.2744954
1.530  1.2696354
1.531  1.2647485
1.532  1.2598352
1.533  1.2548962
1.534  1.2499322
1.535  1.2449438
1.536  1.2399315
1.537  1.2348961
1.538  1.2298381
1.539  1.2247581
1.540  1.2196568
1.541  1.2145348
1.542  1.2093926
1.543  1.2042309
1.544  1.1990503
1.545  1.1938513
1.546  1.1886345
1.547  1.1834006
1.548  1.1781500
1.549  1.1728834
1.550  1.1676014
1.551  1.1623044
1.552  1.1569932
1.553  1.1516681
1.554  1.1463298
1.555  1.1409789
1.556  1.1356158
1.557  1.1302411
1.558  1.1248554
1.559  1.1194591
1.560  1.1140528
1.561  1.1086371
1.562  1.1032123
1.563  1.0977792
1.564  1.0923381
1.565  1.0868895
1.566  1.0814341
1.567  1.0759721
1.568  1.0705043
1.569  1.0650309
1.570  1.0595526
1.571  1.0540698
1.572  1.0485829
1.573  1.0430925
1.574  1.0375989
1.575  1.0321027
1.576  1.0266043
1.577  1.0211042
1.578  1.0156028
1.579  1.0101005
1.580  1.0045978
1.581  0.9990950
1.582  0.9935927
1.583  0.9880913
1.584  0.9825911
1.585  0.9770926
1.586  0.9715962
1.587  0.9661022
1.588  0.9606112
1.589  0.9551234
1.590  0.9496393
1.591  0.9441592
1.592  0.9386836
1.593  0.9332127
1.594  0.9277471
1.595  0.9222869
1.596  0.9168327
1.597  0.9113847
1.598  0.9059433
1.599  0.9005089
1.600  0.8950817
1.601  0.8896622
1.602  0.8842506
1.603  0.8788474
1.604  0.8734527
1.605  0.8680670
1.606  0.8626905
1.607  0.8573236
1.608  0.8519665
1.609  0.8466197
1.610  0.8412832
1.611  0.8359575
1.612  0.8306429
1.613  0.8253396
1.614  0.8200479
1.615  0.8147681
1.616  0.8095004
1.617  0.8042451
1.618  0.7990026
1.619  0.7937729
1.620  0.7885565
1.621  0.7833535
1.622  0.7781641
1.623  0.7729887
1.624  0.7678275
1.625  0.7626806
1.626  0.7575484
1.627  0.7524310
1.628  0.7473286
1.629  0.7422416
1.630  0.7371700
1.631  0.7321142
1.632  0.7270742
1.633  0.7220504
1.634  0.7170429
1.635  0.7120518
1.636  0.7070774
1.637  0.7021199
1.638  0.6971794
1.639  0.6922562
1.640  0.6873503
1.641  0.6824621
1.642  0.6775915
1.643  0.6727388
1.644  0.6679042
1.645  0.6630878
1.646  0.6582897
1.647  0.6535101
1.648  0.6487492
1.649  0.6440070
1.650  0.6392838
1.651  0.6345796
1.652  0.6298946
1.653  0.6252289
1.654  0.6205826
1.655  0.6159559
1.656  0.6113488
1.657  0.6067615
1.658  0.6021941
1.659  0.5976467
1.660  0.5931194
1.661  0.5886123
1.662  0.5841254
1.663  0.5796589
1.664  0.5752129
1.665  0.5707875
1.666  0.5663827
1.667  0.5619986
1.668  0.5576353
1.669  0.5532929
1.670  0.5489715
1.671  0.5446710
1.672  0.5403917
1.673  0.5361334
1.674  0.5318964
1.675  0.5276806
1.676  0.5234862
1.677  0.5193131
1.678  0.5151615
1.679  0.5110313
1.680  0.5069226
1.681  0.5028354
1.682  0.4987699
1.683  0.4947259
1.684  0.4907036
1.685  0.4867031
1.686  0.4827242
1.687  0.4787671
1.688  0.4748317
1.689  0.4709181
1.690  0.4670263
1.691  0.4631564
1.692  0.4593083
1.693  0.4554820
1.694  0.4516776
1.695  0.4478951
1.696  0.4441345
1.697  0.4403957
1.698  0.4366788
1.699  0.4329838
1.700  0.4293106
1.701  0.4256593
1.702  0.4220299
1.703  0.4184224
1.704  0.4148367
1.705  0.4112728
1.706  0.4077307
1.707  0.4042104
1.708  0.4007119
1.709  0.3972352
1.710  0.3937802
1.711  0.3903470
1.712  0.3869354
1.713  0.3835454
1.714  0.3801772
1.715  0.3768305
1.716  0.3735054
1.717  0.3702018
1.718  0.3669197
1.719  0.3636591
1.720  0.3604199
1.721  0.3572021
1.722  0.3540056
1.723  0.3508305
1.724  0.3476766
1.725  0.3445439
1.726  0.3414324
1.727  0.3383420
1.728  0.3352727
1.729  0.3322243
1.730  0.3291970
1.731  0.3261905
1.732  0.3232050
1.733  0.3202402
1.734  0.3172961
1.735  0.3143728
1.736  0.3114700
1.737  0.3085878
1.738  0.3057262
1.739  0.3028849
1.740  0.3000641
1.741  0.2972635
1.742  0.2944832
1.743  0.2917231
1.744  0.2889831
1.745  0.2862631
1.746  0.2835631
1.747  0.2808830
1.748  0.2782228
1.749  0.2755823
1.750  0.2729614
1.751  0.2703602
1.752  0.2677785
1.753  0.2652163
1.754  0.2626735
1.755  0.2601500
1.756  0.2576457
1.757  0.2551605
1.758  0.2526945
1.759  0.2502474
1.760  0.2478192
1.761  0.2454099
1.762  0.2430193
1.763  0.2406474
1.764  0.2382941
1.765  0.2359593
1.766  0.2336429
1.767  0.2313448
1.768  0.2290650
1.769  0.2268033
1.770  0.2245597
1.771  0.2223342
1.772  0.2201265
1.773  0.2179366
1.774  0.2157645
1.775  0.2136100
1.776  0.2114731
1.777  0.2093536
1.778  0.2072515
1.779  0.2051667
1.780  0.2030991
1.781  0.2010486
1.782  0.1990151
1.783  0.1969986
1.784  0.1949989
1.785  0.1930159
1.786  0.1910496
1.787  0.1890998
1.788  0.1871666
1.789  0.1852497
1.790  0.1833491
1.791  0.1814647
1.792  0.1795964
1.793  0.1777441
1.794  0.1759077
1.795  0.1740872
1.796  0.1722824
1.797  0.1704932
1.798  0.1687196
1.799  0.1669614
1.800  0.1652186
1.801  0.1634911
1.802  0.1617788
1.803  0.1600815
1.804  0.1583992
1.805  0.1567319
1.806  0.1550793
1.807  0.1534414
1.808  0.1518182
1.809  0.1502095
1.810  0.1486152
1.811  0.1470353
1.812  0.1454696
1.813  0.1439181
1.814  0.1423806
1.815  0.1408571
1.816  0.1393475
1.817  0.1378517
1.818  0.1363696
1.819  0.1349010
1.820  0.1334460
1.821  0.1320044
1.822  0.1305761
1.823  0.1291611
1.824  0.1277592
1.825  0.1263703
1.826  0.1249945
1.827  0.1236314
1.828  0.1222812
1.829  0.1209437
1.830  0.1196187
1.831  0.1183063
1.832  0.1170063
1.833  0.1157186
1.834  0.1144432
1.835  0.1131799
1.836  0.1119287
1.837  0.1106895
1.838  0.1094621
1.839  0.1082466
1.840  0.1070428
1.841  0.1058506
1.842  0.1046699
1.843  0.1035007
1.844  0.1023429
1.845  0.1011963
1.846  0.1000609
1.847  0.0989366
1.848  0.0978234
1.849  0.0967211
1.850  0.0956297
1.851  0.0945490
1.852  0.0934790
1.853  0.0924196
1.854  0.0913707
1.855  0.0903323
1.856  0.0893042
1.857  0.0882864
1.858  0.0872788
1.859  0.0862812
1.860  0.0852938
1.861  0.0843162
1.862  0.0833485
1.863  0.0823906
1.864  0.0814424
1.865  0.0805039
1.866  0.0795749
1.867  0.0786553
1.868  0.0777452
1.869  0.0768443
1.870  0.0759527
1.871  0.0750702
1.872  0.0741969
1.873  0.0733325
1.874  0.0724771
1.875  0.0716305
1.876  0.0707927
1.877  0.0699635
1.878  0.0691431
1.879  0.0683311
1.880  0.0675277
1.881  0.0667327
1.882  0.0659460
1.883  0.0651675
1.884  0.0643973
1.885  0.0636352
1.886  0.0628811
1.887  0.0621350
1.888  0.0613968
1.889  0.0606665
1.890  0.0599439
1.891  0.0592290
1.892  0.0585218
1.893  0.0578221
1.894  0.0571299
1.895  0.0564451
1.896  0.0557677
1.897  0.0550976
1.898  0.0544347
1.899  0.0537790
1.900  0.0531304
1.901  0.0524888
1.902  0.0518542
1.903  0.0512265
1.904  0.0506056
1.905  0.0499915
1.906  0.0493841
1.907  0.0487834
1.908  0.0481892
1.909  0.0476016
1.910  0.0470205
1.911  0.0464457
1.912  0.0458773
1.913  0.0453152
1.914  0.0447593
1.915  0.0442096
1.916  0.0436660
1.917  0.0431284
1.918  0.0425969
1.919  0.0420713
1.920  0.0415515
1.921  0.0410376
1.922  0.0405294
1.923  0.0400270
1.924  0.0395302
1.925  0.0390390
1.926  0.0385533
1.927  0.0380732
1.928  0.0375985
1.929  0.0371291
1.930  0.0366651
1.931  0.0362064
1.932  0.0357529
1.933  0.0353046
1.934  0.0348614
1.935  0.0344232
1.936  0.0339901
1.937  0.0335620
1.938  0.0331388
1.939  0.0327204
1.940  0.0323069
1.941  0.0318982
1.942  0.0314941
1.943  0.0310948
1.944  0.0307001
1.945  0.0303100
1.946  0.0299244
1.947  0.0295433
1.948  0.0291666
1.949  0.0287944
1.950  0.0284265
1.951  0.0280629
1.952  0.0277036
1.953  0.0273485
1.954  0.0269976
1.955  0.0266508
1.956  0.0263081
1.957  0.0259694
1.958  0.0256348
1.959  0.0253041
1.960  0.0249774
1.961  0.0246545
1.962  0.0243355
1.963  0.0240202
1.964  0.0237087
1.965  0.0234010
1.966  0.0230969
1.967  0.0227965
1.968  0.0224997
1.969  0.0222064
1.970  0.0219167
1.971  0.0216304
1.972  0.0213476
1.973  0.0210682
1.974  0.0207922
1.975  0.0205195
1.976  0.0202502
1.977  0.0199841
1.978  0.0197212
1.979  0.0194615
1.980  0.0192050
1.981  0.0189517
1.982  0.0187014
1.983  0.0184542
1.984  0.0182100
1.985  0.0179688
1.986  0.0177305
1.987  0.0174952
1.988  0.0172628
1.989  0.0170333
1.990  0.0168065
1.991  0.0165826
1.992  0.0163615
1.993  0.0161431
1.994  0.0159273
1.995  0.0157143
1.996  0.0155039
1.997  0.0152962
1.998  0.0150910
1.999  0.0148884
2.000  0.0146883
2.001  0.0144907
2.002  0.0142956
2.003  0.0141030
2.004  0.0139127
2.005  0.0137249
2.006  0.0135394
2.007  0.0133562
2.008  0.0131754
2.009  0.0129968
2.010  0.0128205
2.011  0.0126464
2.012  0.0124745
2.013  0.0123048
2.014  0.0121373
2.015  0.0119719
2.016  0.0118086
2.017  0.0116474
2.018  0.0114882
2.019  0.0113311
2.020  0.0111760
2.021  0.0110228
2.022  0.0108716
2.023  0.0107224
2.024  0.0105751
2.025  0.0104297
2.026  0.0102861
2.027  0.0101444
2.028  0.0100045
2.029  0.0098664
2.030  0.0097302
2.031  0.0095956
2.032  0.0094629
2.033  0.0093318
2.034  0.0092025
2.035  0.0090748
2.036  0.0089488
2.037  0.0088244
2.038  0.0087017
2.039  0.0085805
2.040  0.0084609
2.041  0.0083429
2.042  0.0082265
2.043  0.0081116
2.044  0.0079982
2.045  0.0078862
2.046  0.0077758
2.047  0.0076668
2.048  0.0075592
2.049  0.0074531
2.050  0.0073483
2.051  0.0072450
2.052  0.0071430
2.053  0.0070423
2.054  0.0069430
2.055  0.0068451
2.056  0.0067484
2.057  0.0066530
2.058  0.0065589
2.059  0.0064660
2.060  0.0063744
2.061  0.0062840
2.062  0.0061948
2.063  0.0061068
2.064  0.0060199
2.065  0.0059343
2.066  0.0058498
2.067  0.0057664
2.068  0.0056841
2.069  0.0056030
2.070  0.0055230
2.071  0.0054440
2.072  0.0053661
2.073  0.0052892
2.074  0.0052134
2.075  0.0051386
2.076  0.0050649
2.077  0.0049921
2.078  0.0049203
2.079  0.0048495
2.080  0.0047797
2.081  0.0047108
2.082  0.0046428
2.083  0.0045758
2.084  0.0045097
2.085  0.0044445
2.086  0.0043802
2.087  0.0043168
2.088  0.0042542
2.089  0.0041925
2.090  0.0041317
2.091  0.0040717
2.092  0.0040125
2.093  0.0039541
2.094  0.0038966
2.095  0.0038398
2.096  0.0037838
2.097  0.0037286
2.098  0.0036741
2.099  0.0036204
2.100  0.0035675
2.101  0.0035153
2.102  0.0034638
2.103  0.0034130
2.104  0.0033630
2.105  0.0033136
2.106  0.0032649
2.107  0.0032169
2.108  0.0031696
2.109  0.0031229
2.110  0.0030769
2.111  0.0030315
2.112  0.0029868
2.113  0.0029427
2.114  0.0028992
2.115  0.0028563
2.116  0.0028141
2.117  0.0027724
2.118  0.0027313
2.119  0.0026908
2.120  0.0026508
2.121  0.0026115
2.122  0.0025727
2.123  0.0025344
2.124  0.0024967
2.125  0.0024595
2.126  0.0024228
2.127  0.0023867
2.128  0.0023511
2.129  0.0023159
2.130  0.0022813
2.131  0.0022472
2.132  0.0022135
2.133  0.0021804
2.134  0.0021477
2.135  0.0021155
2.136  0.0020837
2.137  0.0020524
2.138  0.0020216
2.139  0.0019912
2.140  0.0019612
2.141  0.0019316
2.142  0.0019025
2.143  0.0018738
2.144  0.0018455
2.145  0.0018177
2.146  0.0017902
2.147  0.0017631
2.148  0.0017364
2.149  0.0017101
2.150  0.0016842
2.151  0.0016587
2.152  0.0016335
2.153  0.0016087
2.154  0.0015842
2.155  0.0015601
2.156  0.0015364
2.157  0.0015130
2.158  0.0014899
2.159  0.0014672
2.160  0.0014448
2.161  0.0014228
2.162  0.0014010
2.163  0.0013796
2.164  0.0013585
2.165  0.0013377
2.166  0.0013172
2.167  0.0012970
2.168  0.0012771
2.169  0.0012575
2.170  0.0012382
2.171  0.0012192
2.172  0.0012004
2.173  0.0011819
2.174  0.0011637
2.175  0.0011458
2.176  0.0011281
2.177  0.0011107
2.178  0.0010936
2.179  0.0010767
2.180  0.0010601
2.181  0.0010437
2.182  0.0010275
2.183  0.0010116
2.184  0.0009959
2.185  0.0009805
2.186  0.0009652
2.187  0.0009503
2.188  0.0009355
2.189  0.0009210
2.190  0.0009066
2.191  0.0008925
2.192  0.0008786
2.193  0.0008649
2.194  0.0008514
2.195  0.0008381
2.196  0.0008251
2.197  0.0008122
2.198  0.0007995
2.199  0.0007870
2.200  0.0007746
2.201  0.0007625
2.202  0.0007506
2.203  0.0007388
2.204  0.0007272
2.205  0.0007158
2.206  0.0007045
2.207  0.0006935
2.208  0.0006825
2.209  0.0006718
2.210  0.0006612
2.211  0.0006508
2.212  0.0006405
2.213  0.0006304
2.214  0.0006205
2.215  0.0006107
2.216  0.0006010
2.217  0.0005915
2.218  0.0005822
2.219  0.0005730
2.220  0.0005639
2.221  0.0005549
2.222  0.0005461
2.223  0.0005375
2.224  0.0005289
2.225  0.0005205
2.226  0.0005123
2.227  0.0005041
2.228  0.0004961
2.229  0.0004882
2.230  0.0004804
2.231  0.0004727
2.232  0.0004652
2.233  0.0004578
2.234  0.0004505
2.235  0.0004433
2.236  0.0004362
2.237  0.0004292
2.238  0.0004223
2.239  0.0004156
2.240  0.0004089
2.241  0.0004023
2.242  0.0003959
2.243  0.0003895
2.244  0.0003833
2.245  0.0003771
2.246  0.0003711
2.247  0.0003651
2.248  0.0003592
2.249  0.0003534
2.250  0.0003477
2.251  0.0003421
2.252  0.0003366
2.253  0.0003312
2.254  0.0003258
2.255  0.0003206
2.256  0.0003154
2.257  0.0003103
2.258  0.0003052
2.259  0.0003003
2.260  0.0002954
2.261  0.0002906
2.262  0.0002859
2.263  0.0002813
2.264  0.0002767
2.265  0.0002722
2.266  0.0002678
2.267  0.0002634
2.268  0.0002592
2.269  0.0002549
2.270  0.0002508
2.271  0.0002467
2.272  0.0002427
2.273  0.0002387
2.274  0.0002348
2.275  0.0002310
2.276  0.0002272
2.277  0.0002235
2.278  0.0002198
2.279  0.0002162
2.280  0.0002127
2.281  0.0002092
2.282  0.0002058
2.283  0.0002024
2.284  0.0001991
2.285  0.0001958
2.286  0.0001926
2.287  0.0001894
2.288  0.0001863
2.289  0.0001832
2.290  0.0001802
2.291  0.0001773
2.292  0.0001743
2.293  0.0001715
2.294  0.0001686
2.295  0.0001658
2.296  0.0001631
2.297  0.0001604
2.298  0.0001578
2.299  0.0001552
2.300  0.0001526
2.301  0.0001501
2.302  0.0001476
2.303  0.0001451
2.304  0.0001427
2.305  0.0001404
2.306  0.0001380
2.307  0.0001357
2.308  0.0001335
2.309  0.0001313
2.310  0.0001291
2.311  0.0001269
2.312  0.0001248
2.313  0.0001227
2.314  0.0001207
2.315  0.0001187
2.316  0.0001167
2.317  0.0001148
2.318  0.0001128
2.319  0.0001109
2.320  0.0001091
2.321  0.0001073
2.322  0.0001055
2.323  0.0001037
2.324  0.0001020
2.325  0.0001003
2.326  0.0000986
2.327  0.0000969
2.328  0.0000953
2.329  0.0000937
2.330  0.0000921
2.331  0.0000906
2.332  0.0000891
2.333  0.0000876
2.334  0.0000861
2.335  0.0000846
2.336  0.0000832
2.337  0.0000818
2.338  0.0000804
2.339  0.0000791
2.340  0.0000777
2.341  0.0000764
2.342  0.0000751
2.343  0.0000739
2.344  0.0000726
2.345  0.0000714
2.346  0.0000702
2.347  0.0000690
2.348  0.0000678
2.349  0.0000667
2.350  0.0000655
2.351  0.0000644
2.352  0.0000633
2.353  0.0000623
2.354  0.0000612
2.355  0.0000602
2.356  0.0000591
2.357  0.0000581
2.358  0.0000572
2.359  0.0000562
2.360  0.0000552
2.361  0.0000543
2.362  0.0000534
2.363  0.0000524
2.364  0.0000516
2.365  0.0000507
2.366  0.0000498
2.367  0.0000490
2.368  0.0000481
2.369  0.0000473
2.370  0.0000465
2.371  0.0000457
2.372  0.0000449
2.373  0.0000441
2.374  0.0000434
2.375  0.0000426
2.376  0.0000419
2.377  0.0000412
2.378  0.0000405
2.379  0.0000398
2.380  0.0000391
2.381  0.0000384
2.382  0.0000378
2.383  0.0000371
2.384  0.0000365
2.385  0.0000359
2.386  0.0000352
2.387  0.0000346
2.388  0.0000340
2.389  0.0000334
2.390  0.0000329
2.391  0.0000323
2.392  0.0000317
2.393  0.0000312
2.394  0.0000307
2.395  0.0000301
2.396  0.0000296
2.397  0.0000291
2.398  0.0000286
2.399  0.0000281
2.400  0.0000276
2.401  0.0000271
2.402  0.0000267
2.403  0.0000262
2.404  0.0000257
2.405  0.0000253
2.406  0.0000249
2.407  0.0000244
2.408  0.0000240
2.409  0.0000236
2.410  0.0000232
2.411  0.0000228
2.412  0.0000224
2.413  0.0000220
2.414  0.0000216
2.415  0.0000212
2.416  0.0000208
2.417  0.0000205
2.418  0.0000201
2.419  0.0000198
2.420  0.0000194
2.421  0.0000191
2.422  0.0000188
2.423  0.0000184
2.424  0.0000181
2.425  0.0000178
2.426  0.0000175
2.427  0.0000172
2.428  0.0000169
2.429  0.0000166
2.430  0.0000163
2.431  0.0000160
2.432  0.0000157
2.433  0.0000154
2.434  0.0000152
2.435  0.0000149
2.436  0.0000146
2.437  0.0000144
2.438  0.0000141
2.439  0.0000139
2.440  0.0000136
2.441  0.0000134
2.442  0.0000132
2.443  0.0000129
2.444  0.0000127
2.445  0.0000125
2.446  0.0000123
2.447  0.0000120
2.448  0.0000118
2.449  0.0000116
2.450  0.0000114
2.451  0.0000112
2.452  0.0000110
2.453  0.0000108
2.454  0.0000106
2.455  0.0000104
2.456  0.0000103
2.457  0.0000101
2.458  0.0000099
2.459  0.0000097
2.460  0.0000095
2.461  0.0000094
2.462  0.0000092
2.463  0.0000090
2.464  0.0000089
2.465  0.0000087
2.466  0.0000086
2.467  0.0000084
2.468  0.0000083
2.469  0.0000081
2.470  0.0000080
2.471  0.0000078
2.472  0.0000077
2.473  0.0000076
2.474  0.0000074
2.475  0.0000073
2.476  0.0000072
2.477  0.0000070
2.478  0.0000069
2.479  0.0000068
2.480  0.0000067
2.481  0.0000065
2.482  0.0000064
2.483  0.0000063
2.484  0.0000062
2.485  0.0000061
2.486  0.0000060
2.487  0.0000059
2.488  0.0000058
2.489  0.0000057
2.490  0.0000056
2.491  0.0000055
2.492  0.0000054
2.493  0.0000053
2.494  0.0000052
2.495  0.0000051
2.496  0.0000050
2.497  0.0000049
2.498  0.0000048
2.499  0.0000047
2.500  0.0000046
2.501  0.0000046
2.502  0.0000045
2.503  0.0000044
2.504  0.0000043
2.505  0.0000042
2.506  0.0000042
2.507  0.0000041
2.508  0.0000040
2.509  0.0000039
2.510  0.0000039
2.511  0.0000038
2.512  0.0000037
2.513  0.0000037
2.514  0.0000036
2.515  0.0000035
2.516  0.0000035
2.517  0.0000034
2.518  0.0000033
2.519  0.0000033
2.520  0.0000032
2.521  0.0000032
2.522  0.0000031
2.523  0.0000030
2.524  0.0000030
2.525  0.0000029
2.526  0.0000029
2.527  0.0000028
2.528  0.0000028
2.529  0.0000027
2.530  0.0000027
2.531  0.0000026
2.532  0.0000026
2.533  0.0000025
2.534  0.0000025
2.535  0.0000024
2.536  0.0000024
2.537  0.0000024
2.538  0.0000023
2.539  0.0000023
2.540  0.0000022
2.541  0.0000022
2.542  0.0000021
2.543  0.0000021
2.544  0.0000021
2.545  0.0000020
2.546  0.0000020
2.547  0.0000020
2.548  0.0000019
2.549  0.0000019
2.550  0.0000019
2.551  0.0000018
2.552  0.0000018
2.553  0.0000018
2.554  0.0000017
2.555  0.0000017
2.556  0.0000017
2.557  0.0000016
2.558  0.0000016
2.559  0.0000016
2.560  0.0000015
2.561  0.0000015
2.562  0.0000015
2.563  0.0000015
2.564  0.0000014
2.565  0.0000014
2.566  0.0000014
2.567  0.0000014
2.568  0.0000013
2.569  0.0000013
2.570  0.0000013
2.571  0.0000013
2.572  0.0000012
2.573  0.0000012
2.574  0.0000012
2.575  0.0000012
2.576  0.0000011
2.577  0.0000011
2.578  0.0000011
2.579  0.0000011
2.580  0.0000011
2.581  0.0000010
2.582  0.0000010
2.583  0.0000010
2.584  0.0000010
2.585  0.0000010
2.586  0.0000009
2.587  0.0000009
2.588  0.0000009
2.589  0.0000009
2.590  0.0000009
2.591  0.0000009
2.592  0.0000008
2.593  0.0000008
2.594  0.0000008
2.595  0.0000008
2.596  0.0000008
2.597  0.0000008
2.598  0.0000008
2.599  0.0000007
2.600  0.0000007
2.601  0.0000007
2.602  0.0000007
2.603  0.0000007
2.604  0.0000007
2.605  0.0000007
2.606  0.0000007
2.607  0.0000006
2.608  0.0000006
2.609  0.0000006
2.610  0.0000006
2.611  0.0000006
2.612  0.0000006
2.613  0.0000006
2.614  0.0000006
2.615  0.0000006
2.616  0.0000005
2.617  0.0000005
2.618  0.0000005
2.619  0.0000005
2.620  0.0000005
2.621  0.0000005
2.622  0.0000005
2.623  0.0000005
2.624  0.0000005
2.625  0.0000005
2.626  0.0000004
2.627  0.0000004
2.628  0.0000004
2.629  0.0000004
2.630  0.0000004
2.631  0.0000004
2.632  0.0000004
2.633  0.0000004
2.634  0.0000004
2.635  0.0000004
2.636  0.0000004
2.637  0.0000004
2.638  0.0000004
2.639  0.0000003
2.640  0.0000003
2.641  0.0000003
2.642  0.0000003
2.643  0.0000003
2.644  0.0000003
2.645  0.0000003
2.646  0.0000003
2.647  0.0000003
2.648  0.0000003
2.649  0.0000003
2.650  0.0000003
2.651  0.0000003
2.652  0.0000003
2.653  0.0000003
2.654  0.0000003
2.655  0.0000003
2.656  0.0000003
2.657  0.0000002
2.658  0.0000002
2.659  0.0000002
2.660  0.0000002
2.661  0.0000002
2.662  0.0000002
2.663  0.0000002
2.664  0.0000002
2.665  0.0000002
2.666  0.0000002
2.667  0.0000002
2.668  0.0000002
2.669  0.0000002
2.670  0.0000002
2.671  0.0000002
2.672  0.0000002
2.673  0.0000002
2.674  0.0000002
2.675  0.0000002
2.676  0.0000002
2.677  0.0000002
2.678  0.0000002
2.679  0.0000002
2.680  0.0000002
2.681  0.0000002
2.682  0.0000002
2.683  0.0000002
2.684  0.0000001
2.685  0.0000001
2.686  0.0000001
2.687  0.0000001
2.688  0.0000001
2.689  0.0000001
2.690  0.0000001
2.691  0.0000001
2.692  0.0000001
2.693  0.0000001
2.694  0.0000001
2.695  0.0000001
2.696  0.0000001
2.697  0.0000001
2.698  0.0000001
2.699  0.0000001
2.700  0.0000001
2.701  0.0000001
2.702  0.0000001
2.703  0.0000001
2.704  0.0000001
2.705  0.0000001
2.706  0.0000001
2.707  0.0000001
2.708  0.0000001
2.709  0.0000001
2.710  0.0000001
2.711  0.0000001
2.712  0.0000001
2.713  0.0000001
2.714  0.0000001
2.715  0.0000001
2.716  0.0000001
2.717  0.0000001
2.718  0.0000001
2.719  0.0000001
2.720  0.0000001
2.721  0.0000001
2.722  0.0000001
2.723  0.0000001
2.724  0.0000001
2.725  0.0000001
2.726  0.0000001
2.727  0.0000001
2.728  0.0000001
2.729  0.0000001
2.730  0.0000001
2.731  0.0000001
2.732  0.0000001
2.733  0.0000001
2.734  0.0000001
2.735  0.0000001
2.736  0.0000001
2.737  0.0000001
2.738  0.0000001
2.739  0.0000001
2.740  0.0000000
2.741  0.0000000
2.742  0.0000000
2.743  0.0000000
2.744  0.0000000
2.745  0.0000000
2.746  0.0000000
2.747  0.0000000
2.748  0.0000000
2.749  0.0000000
2.750  0.0000000
2.751  0.0000000
2.752  0.0000000
2.753  0.0000000
2.754  0.0000000
2.755  0.0000000
2.756  0.0000000
2.757  0.0000000
2.758  0.0000000
2.759  0.0000000
2.760  0.0000000
2.761  0.0000000
2.762  0.0000000
2.763  0.0000000
2.764  0.0000000
2.765  0.0000000
2.766  0.0000000
2.767  0.0000000
2.768  0.0000000
2.769  0.0000000
2.770  0.0000000
2.771  0.0000000
2.772  0.0000000
2.773  0.0000000
2.774  0.0000000
2.775  0.0000000
2.776  0.0000000
2.777  0.0000000
2.778  0.0000000
2.779  0.0000000
2.780  0.0000000
2.781  0.0000000
2.782  0.0000000
2.783  0.0000000
2.784  0.0000000
2.785  0.0000000
2.786  0.0000000
2.787  0.0000000
2.788  0.0000000
2.789  0.0000000
2.790  0.0000000
2.791  0.0000000
2.792  0.0000000
2.793  0.0000000
2.794  0.0000000
2.795  0.0000000
2.796  0.0000000
2.797  0.0000000
2.798  0.0000000
2.799  0.0000000
2.800  0.0000000
2.801  0.0000000
2.802  0.0000000
2.803  0.0000000
2.804  0.0000000
2.805  0.0000000
2.806  0.0000000
2.807  0.0000000
2.808  0.0000000
2.809  0.0000000
2.810  0.0000000
2.811  0.0000000
2.812  0.0000000
2.813  0.0000000
2.814  0.0000000
2.815  0.0000000
2.816  0.0000000
2.817  0.0000000
2.818  0.0000000
2.819  0.0000000
2.820  0.0000000
2.821  0.0000000
2.822  0.0000000
2.823  0.0000000
2.824  0.0000000
2.825  0.0000000
2.826  0.0000000
2.827  0.0000000
2.828  0.0000000
2.829  0.0000000
2.830  0.0000000
2.831  0.0000000
2.832  0.0000000
2.833  0.0000000
2.834  0.0000000
2.835  0.0000000
2.836  0.0000000
2.837  0.0000000
2.838  0.0000000
2.839  0.0000000
2.840  0.0000000
2.841  0.0000000
2.842  0.0000000
2.843  0.0000000
2.844  0.0000000
2.845  0.0000000
2.846  0.0000000
2.847  0.0000000
2.848  0.0000000
2.849  0.0000000
2.850  0.0000000
2.851  0.0000000
2.852  0.0000000
2.853  0.0000000
2.854  0.0000000
2.855  0.0000000
2.856  0.0000000
2.857  0.0000000
2.858  0.0000000
2.859  0.0000000
2.860  0.0000000
2.861  0.0000000
2.862  0.0000000
2.863  0.0000000
2.864  0.0000000
2.865  0.0000000
2.866  0.0000000
2.867  0.0000000
2.868  0.0000000
2.869  0.0000000
2.870  0.0000000
2.871  0.0000000
2.872  0.0000000
2.873  0.0000000
2.874  0.0000000
2.875  0.0000000
2.876  0.0000000
2.877  0.0000000
2.878  0.0000000
2.879  0.0000000
2.880  0.0000000
2.881  0.0000000
2.882  0.0000000
2.883  0.0000000
2.884  0.0000000
2.885  0.0000000
2.886  0.0000000
2.887  0.0000000
2.888  0.0000000
2.889  0.0000000
2.890  0.0000000
2.891  0.0000000
2.892  0.0000000
2.893  0.0000000
2.894  0.0000000
2.895  0.0000000
2.896  0.0000000
2.897  0.0000000
2.898  0.0000000
2.899  0.0000000
2.900  0.0000000
2.901  0.0000000
2.902  0.0000000
2.903  0.0000000
2.904  0.0000000
2.905  0.0000000
2.906  0.0000000
2.907  0.0000000
2.908  0.0000000
2.909  0.0000000
2.910  0.0000000
2.911  0.0000000
2.912  0.0000000
2.913  0.0000000
2.914  0.0000000
2.915  0.0000000
2.916  0.0000000
2.917  0.0000000
2.918  0.0000000
2.919  0.0000000
2.920  0.0000000
2.921  0.0000000
2.922  0.0000000
2.923  0.0000000
2.924  0.0000000
2.925  0.0000000
2.926  0.0000000
2.927  0.0000000
2.928  0.0000000
2.929  0.0000000
2.930  0.0000000
2.931  0.0000000
2.932  0.0000000
2.933  0.0000000
2.934  0.0000000
2.935  0.0000000
2.936  0.0000000
2.937  0.0000000
