# Solution of radial Schr. equation for   E(v=  3,J=  0) = -15154.9816359
# ----------------------------------------------------------------------------
0.223 -0.0000000
0.224 -0.0000000
0.225 -0.0000000
0.226 -0.0000000
0.227 -0.0000000
0.228 -0.0000000
0.229 -0.0000000
0.230 -0.0000000
0.231 -0.0000000
0.232 -0.0000000
0.233 -0.0000000
0.234 -0.0000000
0.235 -0.0000000
0.236 -0.0000000
0.237 -0.0000000
0.238 -0.0000000
0.239 -0.0000000
0.240 -0.0000000
0.241 -0.0000000
0.242 -0.0000000
0.243 -0.0000000
0.244 -0.0000000
0.245 -0.0000000
0.246 -0.0000000
0.247 -0.0000000
0.248 -0.0000000
0.249 -0.0000000
0.250 -0.0000000
0.251 -0.0000000
0.252 -0.0000000
0.253 -0.0000000
0.254 -0.0000000
0.255 -0.0000000
0.256 -0.0000000
0.257 -0.0000000
0.258 -0.0000000
0.259 -0.0000000
0.260 -0.0000000
0.261 -0.0000000
0.262 -0.0000000
0.263 -0.0000000
0.264 -0.0000000
0.265 -0.0000000
0.266 -0.0000000
0.267 -0.0000000
0.268 -0.0000000
0.269 -0.0000000
0.270 -0.0000000
0.271 -0.0000000
0.272 -0.0000001
0.273 -0.0000001
0.274 -0.0000001
0.275 -0.0000001
0.276 -0.0000001
0.277 -0.0000001
0.278 -0.0000001
0.279 -0.0000001
0.280 -0.0000001
0.281 -0.0000001
0.282 -0.0000001
0.283 -0.0000001
0.284 -0.0000001
0.285 -0.0000001
0.286 -0.0000001
0.287 -0.0000002
0.288 -0.0000002
0.289 -0.0000002
0.290 -0.0000002
0.291 -0.0000002
0.292 -0.0000002
0.293 -0.0000002
0.294 -0.0000002
0.295 -0.0000003
0.296 -0.0000003
0.297 -0.0000003
0.298 -0.0000003
0.299 -0.0000003
0.300 -0.0000004
0.301 -0.0000004
0.302 -0.0000004
0.303 -0.0000005
0.304 -0.0000005
0.305 -0.0000005
0.306 -0.0000005
0.307 -0.0000006
0.308 -0.0000006
0.309 -0.0000007
0.310 -0.0000007
0.311 -0.0000008
0.312 -0.0000008
0.313 -0.0000009
0.314 -0.0000009
0.315 -0.0000010
0.316 -0.0000010
0.317 -0.0000011
0.318 -0.0000012
0.319 -0.0000013
0.320 -0.0000013
0.321 -0.0000014
0.322 -0.0000015
0.323 -0.0000016
0.324 -0.0000017
0.325 -0.0000018
0.326 -0.0000019
0.327 -0.0000021
0.328 -0.0000022
0.329 -0.0000023
0.330 -0.0000025
0.331 -0.0000026
0.332 -0.0000028
0.333 -0.0000030
0.334 -0.0000031
0.335 -0.0000033
0.336 -0.0000035
0.337 -0.0000037
0.338 -0.0000040
0.339 -0.0000042
0.340 -0.0000044
0.341 -0.0000047
0.342 -0.0000050
0.343 -0.0000053
0.344 -0.0000056
0.345 -0.0000059
0.346 -0.0000063
0.347 -0.0000066
0.348 -0.0000070
0.349 -0.0000074
0.350 -0.0000079
0.351 -0.0000083
0.352 -0.0000088
0.353 -0.0000093
0.354 -0.0000098
0.355 -0.0000104
0.356 -0.0000110
0.357 -0.0000116
0.358 -0.0000122
0.359 -0.0000129
0.360 -0.0000136
0.361 -0.0000144
0.362 -0.0000152
0.363 -0.0000160
0.364 -0.0000169
0.365 -0.0000178
0.366 -0.0000188
0.367 -0.0000198
0.368 -0.0000209
0.369 -0.0000220
0.370 -0.0000232
0.371 -0.0000244
0.372 -0.0000257
0.373 -0.0000271
0.374 -0.0000285
0.375 -0.0000300
0.376 -0.0000316
0.377 -0.0000333
0.378 -0.0000350
0.379 -0.0000368
0.380 -0.0000387
0.381 -0.0000407
0.382 -0.0000428
0.383 -0.0000450
0.384 -0.0000473
0.385 -0.0000497
0.386 -0.0000522
0.387 -0.0000549
0.388 -0.0000577
0.389 -0.0000605
0.390 -0.0000636
0.391 -0.0000667
0.392 -0.0000701
0.393 -0.0000735
0.394 -0.0000772
0.395 -0.0000810
0.396 -0.0000849
0.397 -0.0000891
0.398 -0.0000934
0.399 -0.0000979
0.400 -0.0001027
0.401 -0.0001076
0.402 -0.0001128
0.403 -0.0001181
0.404 -0.0001238
0.405 -0.0001296
0.406 -0.0001358
0.407 -0.0001422
0.408 -0.0001489
0.409 -0.0001558
0.410 -0.0001631
0.411 -0.0001707
0.412 -0.0001786
0.413 -0.0001868
0.414 -0.0001954
0.415 -0.0002043
0.416 -0.0002137
0.417 -0.0002234
0.418 -0.0002335
0.419 -0.0002441
0.420 -0.0002551
0.421 -0.0002665
0.422 -0.0002784
0.423 -0.0002908
0.424 -0.0003037
0.425 -0.0003171
0.426 -0.0003311
0.427 -0.0003457
0.428 -0.0003608
0.429 -0.0003765
0.430 -0.0003929
0.431 -0.0004099
0.432 -0.0004276
0.433 -0.0004460
0.434 -0.0004651
0.435 -0.0004849
0.436 -0.0005056
0.437 -0.0005270
0.438 -0.0005492
0.439 -0.0005724
0.440 -0.0005964
0.441 -0.0006213
0.442 -0.0006472
0.443 -0.0006740
0.444 -0.0007019
0.445 -0.0007308
0.446 -0.0007608
0.447 -0.0007919
0.448 -0.0008242
0.449 -0.0008577
0.450 -0.0008924
0.451 -0.0009284
0.452 -0.0009657
0.453 -0.0010044
0.454 -0.0010445
0.455 -0.0010860
0.456 -0.0011290
0.457 -0.0011736
0.458 -0.0012197
0.459 -0.0012675
0.460 -0.0013170
0.461 -0.0013683
0.462 -0.0014213
0.463 -0.0014762
0.464 -0.0015331
0.465 -0.0015919
0.466 -0.0016527
0.467 -0.0017157
0.468 -0.0017808
0.469 -0.0018481
0.470 -0.0019177
0.471 -0.0019897
0.472 -0.0020641
0.473 -0.0021410
0.474 -0.0022205
0.475 -0.0023027
0.476 -0.0023876
0.477 -0.0024753
0.478 -0.0025658
0.479 -0.0026594
0.480 -0.0027560
0.481 -0.0028558
0.482 -0.0029588
0.483 -0.0030651
0.484 -0.0031748
0.485 -0.0032881
0.486 -0.0034050
0.487 -0.0035256
0.488 -0.0036499
0.489 -0.0037783
0.490 -0.0039106
0.491 -0.0040471
0.492 -0.0041878
0.493 -0.0043328
0.494 -0.0044824
0.495 -0.0046365
0.496 -0.0047954
0.497 -0.0049591
0.498 -0.0051277
0.499 -0.0053014
0.500 -0.0054804
0.501 -0.0056647
0.502 -0.0058545
0.503 -0.0060499
0.504 -0.0062511
0.505 -0.0064583
0.506 -0.0066715
0.507 -0.0068909
0.508 -0.0071166
0.509 -0.0073489
0.510 -0.0075879
0.511 -0.0078337
0.512 -0.0080866
0.513 -0.0083466
0.514 -0.0086140
0.515 -0.0088888
0.516 -0.0091714
0.517 -0.0094619
0.518 -0.0097605
0.519 -0.0100672
0.520 -0.0103825
0.521 -0.0107064
0.522 -0.0110391
0.523 -0.0113808
0.524 -0.0117318
0.525 -0.0120922
0.526 -0.0124622
0.527 -0.0128422
0.528 -0.0132322
0.529 -0.0136325
0.530 -0.0140433
0.531 -0.0144649
0.532 -0.0148974
0.533 -0.0153412
0.534 -0.0157964
0.535 -0.0162633
0.536 -0.0167422
0.537 -0.0172332
0.538 -0.0177367
0.539 -0.0182528
0.540 -0.0187819
0.541 -0.0193242
0.542 -0.0198799
0.543 -0.0204494
0.544 -0.0210329
0.545 -0.0216307
0.546 -0.0222431
0.547 -0.0228702
0.548 -0.0235126
0.549 -0.0241703
0.550 -0.0248438
0.551 -0.0255332
0.552 -0.0262390
0.553 -0.0269613
0.554 -0.0277006
0.555 -0.0284571
0.556 -0.0292312
0.557 -0.0300231
0.558 -0.0308331
0.559 -0.0316617
0.560 -0.0325090
0.561 -0.0333755
0.562 -0.0342615
0.563 -0.0351673
0.564 -0.0360933
0.565 -0.0370397
0.566 -0.0380070
0.567 -0.0389954
0.568 -0.0400054
0.569 -0.0410373
0.570 -0.0420914
0.571 -0.0431681
0.572 -0.0442677
0.573 -0.0453907
0.574 -0.0465373
0.575 -0.0477080
0.576 -0.0489032
0.577 -0.0501231
0.578 -0.0513681
0.579 -0.0526388
0.580 -0.0539353
0.581 -0.0552581
0.582 -0.0566077
0.583 -0.0579842
0.584 -0.0593883
0.585 -0.0608202
0.586 -0.0622803
0.587 -0.0637690
0.588 -0.0652868
0.589 -0.0668339
0.590 -0.0684109
0.591 -0.0700181
0.592 -0.0716558
0.593 -0.0733245
0.594 -0.0750246
0.595 -0.0767565
0.596 -0.0785206
0.597 -0.0803172
0.598 -0.0821469
0.599 -0.0840099
0.600 -0.0859066
0.601 -0.0878376
0.602 -0.0898031
0.603 -0.0918035
0.604 -0.0938394
0.605 -0.0959109
0.606 -0.0980187
0.607 -0.1001629
0.608 -0.1023441
0.609 -0.1045627
0.610 -0.1068189
0.611 -0.1091132
0.612 -0.1114460
0.613 -0.1138177
0.614 -0.1162286
0.615 -0.1186791
0.616 -0.1211696
0.617 -0.1237005
0.618 -0.1262721
0.619 -0.1288848
0.620 -0.1315389
0.621 -0.1342349
0.622 -0.1369731
0.623 -0.1397537
0.624 -0.1425772
0.625 -0.1454440
0.626 -0.1483542
0.627 -0.1513084
0.628 -0.1543067
0.629 -0.1573496
0.630 -0.1604373
0.631 -0.1635701
0.632 -0.1667484
0.633 -0.1699724
0.634 -0.1732424
0.635 -0.1765588
0.636 -0.1799218
0.637 -0.1833316
0.638 -0.1867886
0.639 -0.1902929
0.640 -0.1938449
0.641 -0.1974447
0.642 -0.2010927
0.643 -0.2047890
0.644 -0.2085338
0.645 -0.2123274
0.646 -0.2161699
0.647 -0.2200615
0.648 -0.2240025
0.649 -0.2279929
0.650 -0.2320330
0.651 -0.2361228
0.652 -0.2402625
0.653 -0.2444523
0.654 -0.2486923
0.655 -0.2529825
0.656 -0.2573231
0.657 -0.2617141
0.658 -0.2661556
0.659 -0.2706477
0.660 -0.2751903
0.661 -0.2797836
0.662 -0.2844276
0.663 -0.2891222
0.664 -0.2938674
0.665 -0.2986633
0.666 -0.3035098
0.667 -0.3084068
0.668 -0.3133543
0.669 -0.3183522
0.670 -0.3234004
0.671 -0.3284988
0.672 -0.3336472
0.673 -0.3388456
0.674 -0.3440938
0.675 -0.3493916
0.676 -0.3547389
0.677 -0.3601353
0.678 -0.3655808
0.679 -0.3710750
0.680 -0.3766178
0.681 -0.3822088
0.682 -0.3878478
0.683 -0.3935344
0.684 -0.3992684
0.685 -0.4050494
0.686 -0.4108770
0.687 -0.4167510
0.688 -0.4226708
0.689 -0.4286361
0.690 -0.4346464
0.691 -0.4407014
0.692 -0.4468004
0.693 -0.4529432
0.694 -0.4591290
0.695 -0.4653575
0.696 -0.4716281
0.697 -0.4779402
0.698 -0.4842932
0.699 -0.4906866
0.700 -0.4971197
0.701 -0.5035919
0.702 -0.5101025
0.703 -0.5166508
0.704 -0.5232362
0.705 -0.5298578
0.706 -0.5365151
0.707 -0.5432072
0.708 -0.5499333
0.709 -0.5566926
0.710 -0.5634844
0.711 -0.5703077
0.712 -0.5771617
0.713 -0.5840456
0.714 -0.5909583
0.715 -0.5978991
0.716 -0.6048669
0.717 -0.6118608
0.718 -0.6188798
0.719 -0.6259229
0.720 -0.6329891
0.721 -0.6400772
0.722 -0.6471864
0.723 -0.6543154
0.724 -0.6614631
0.725 -0.6686285
0.726 -0.6758104
0.727 -0.6830075
0.728 -0.6902188
0.729 -0.6974431
0.730 -0.7046790
0.731 -0.7119254
0.732 -0.7191809
0.733 -0.7264444
0.734 -0.7337144
0.735 -0.7409897
0.736 -0.7482690
0.737 -0.7555508
0.738 -0.7628338
0.739 -0.7701166
0.740 -0.7773978
0.741 -0.7846760
0.742 -0.7919496
0.743 -0.7992173
0.744 -0.8064775
0.745 -0.8137288
0.746 -0.8209696
0.747 -0.8281984
0.748 -0.8354136
0.749 -0.8426138
0.750 -0.8497972
0.751 -0.8569623
0.752 -0.8641076
0.753 -0.8712313
0.754 -0.8783319
0.755 -0.8854076
0.756 -0.8924568
0.757 -0.8994779
0.758 -0.9064691
0.759 -0.9134288
0.760 -0.9203552
0.761 -0.9272466
0.762 -0.9341012
0.763 -0.9409173
0.764 -0.9476932
0.765 -0.9544271
0.766 -0.9611171
0.767 -0.9677615
0.768 -0.9743586
0.769 -0.9809064
0.770 -0.9874032
0.771 -0.9938472
0.772 -1.0002365
0.773 -1.0065693
0.774 -1.0128437
0.775 -1.0190580
0.776 -1.0252102
0.777 -1.0312985
0.778 -1.0373211
0.779 -1.0432760
0.780 -1.0491615
0.781 -1.0549756
0.782 -1.0607164
0.783 -1.0663822
0.784 -1.0719710
0.785 -1.0774809
0.786 -1.0829102
0.787 -1.0882569
0.788 -1.0935191
0.789 -1.0986949
0.790 -1.1037826
0.791 -1.1087803
0.792 -1.1136861
0.793 -1.1184981
0.794 -1.1232145
0.795 -1.1278334
0.796 -1.1323531
0.797 -1.1367717
0.798 -1.1410873
0.799 -1.1452982
0.800 -1.1494026
0.801 -1.1533986
0.802 -1.1572845
0.803 -1.1610585
0.804 -1.1647188
0.805 -1.1682637
0.806 -1.1716915
0.807 -1.1750003
0.808 -1.1781886
0.809 -1.1812546
0.810 -1.1841966
0.811 -1.1870130
0.812 -1.1897021
0.813 -1.1922623
0.814 -1.1946919
0.815 -1.1969894
0.816 -1.1991531
0.817 -1.2011816
0.818 -1.2030733
0.819 -1.2048266
0.820 -1.2064401
0.821 -1.2079122
0.822 -1.2092416
0.823 -1.2104268
0.824 -1.2114663
0.825 -1.2123589
0.826 -1.2131031
0.827 -1.2136976
0.828 -1.2141412
0.829 -1.2144324
0.830 -1.2145701
0.831 -1.2145531
0.832 -1.2143801
0.833 -1.2140500
0.834 -1.2135616
0.835 -1.2129139
0.836 -1.2121057
0.837 -1.2111360
0.838 -1.2100038
0.839 -1.2087081
0.840 -1.2072479
0.841 -1.2056224
0.842 -1.2038307
0.843 -1.2018718
0.844 -1.1997451
0.845 -1.1974496
0.846 -1.1949847
0.847 -1.1923497
0.848 -1.1895439
0.849 -1.1865666
0.850 -1.1834173
0.851 -1.1800954
0.852 -1.1766004
0.853 -1.1729318
0.854 -1.1690892
0.855 -1.1650721
0.856 -1.1608802
0.857 -1.1565132
0.858 -1.1519708
0.859 -1.1472528
0.860 -1.1423589
0.861 -1.1372890
0.862 -1.1320430
0.863 -1.1266209
0.864 -1.1210225
0.865 -1.1152480
0.866 -1.1092973
0.867 -1.1031705
0.868 -1.0968679
0.869 -1.0903896
0.870 -1.0837358
0.871 -1.0769068
0.872 -1.0699030
0.873 -1.0627246
0.874 -1.0553721
0.875 -1.0478461
0.876 -1.0401468
0.877 -1.0322750
0.878 -1.0242312
0.879 -1.0160161
0.880 -1.0076302
0.881 -0.9990744
0.882 -0.9903495
0.883 -0.9814562
0.884 -0.9723954
0.885 -0.9631681
0.886 -0.9537751
0.887 -0.9442175
0.888 -0.9344964
0.889 -0.9246128
0.890 -0.9145678
0.891 -0.9043628
0.892 -0.8939988
0.893 -0.8834772
0.894 -0.8727993
0.895 -0.8619664
0.896 -0.8509800
0.897 -0.8398416
0.898 -0.8285526
0.899 -0.8171145
0.900 -0.8055290
0.901 -0.7937977
0.902 -0.7819223
0.903 -0.7699045
0.904 -0.7577461
0.905 -0.7454488
0.906 -0.7330145
0.907 -0.7204452
0.908 -0.7077427
0.909 -0.6949090
0.910 -0.6819461
0.911 -0.6688562
0.912 -0.6556412
0.913 -0.6423033
0.914 -0.6288448
0.915 -0.6152677
0.916 -0.6015745
0.917 -0.5877673
0.918 -0.5738485
0.919 -0.5598205
0.920 -0.5456856
0.921 -0.5314464
0.922 -0.5171052
0.923 -0.5026647
0.924 -0.4881273
0.925 -0.4734956
0.926 -0.4587723
0.927 -0.4439600
0.928 -0.4290613
0.929 -0.4140790
0.930 -0.3990159
0.931 -0.3838746
0.932 -0.3686581
0.933 -0.3533690
0.934 -0.3380104
0.935 -0.3225851
0.936 -0.3070959
0.937 -0.2915459
0.938 -0.2759380
0.939 -0.2602752
0.940 -0.2445605
0.941 -0.2287969
0.942 -0.2129876
0.943 -0.1971355
0.944 -0.1812439
0.945 -0.1653158
0.946 -0.1493544
0.947 -0.1333628
0.948 -0.1173442
0.949 -0.1013019
0.950 -0.0852390
0.951 -0.0691588
0.952 -0.0530645
0.953 -0.0369594
0.954 -0.0208467
0.955 -0.0047297
0.956  0.0113882
0.957  0.0275038
0.958  0.0436137
0.959  0.0597146
0.960  0.0758033
0.961  0.0918762
0.962  0.1079302
0.963  0.1239618
0.964  0.1399678
0.965  0.1559446
0.966  0.1718890
0.967  0.1877977
0.968  0.2036671
0.969  0.2194941
0.970  0.2352752
0.971  0.2510070
0.972  0.2666862
0.973  0.2823095
0.974  0.2978735
0.975  0.3133749
0.976  0.3288102
0.977  0.3441763
0.978  0.3594697
0.979  0.3746871
0.980  0.3898254
0.981  0.4048811
0.982  0.4198510
0.983  0.4347318
0.984  0.4495202
0.985  0.4642131
0.986  0.4788073
0.987  0.4932994
0.988  0.5076864
0.989  0.5219650
0.990  0.5361321
0.991  0.5501846
0.992  0.5641193
0.993  0.5779332
0.994  0.5916233
0.995  0.6051864
0.996  0.6186195
0.997  0.6319198
0.998  0.6450841
0.999  0.6581096
1.000  0.6709933
1.001  0.6837324
1.002  0.6963240
1.003  0.7087653
1.004  0.7210535
1.005  0.7331859
1.006  0.7451596
1.007  0.7569720
1.008  0.7686205
1.009  0.7801025
1.010  0.7914152
1.011  0.8025562
1.012  0.8135230
1.013  0.8243130
1.014  0.8349239
1.015  0.8453532
1.016  0.8555985
1.017  0.8656576
1.018  0.8755282
1.019  0.8852079
1.020  0.8946947
1.021  0.9039863
1.022  0.9130806
1.023  0.9219756
1.024  0.9306692
1.025  0.9391595
1.026  0.9474445
1.027  0.9555224
1.028  0.9633912
1.029  0.9710492
1.030  0.9784947
1.031  0.9857259
1.032  0.9927412
1.033  0.9995390
1.034  1.0061178
1.035  1.0124759
1.036  1.0186121
1.037  1.0245248
1.038  1.0302127
1.039  1.0356746
1.040  1.0409092
1.041  1.0459152
1.042  1.0506916
1.043  1.0552372
1.044  1.0595511
1.045  1.0636321
1.046  1.0674795
1.047  1.0710923
1.048  1.0744697
1.049  1.0776109
1.050  1.0805152
1.051  1.0831820
1.052  1.0856106
1.053  1.0878006
1.054  1.0897513
1.055  1.0914624
1.056  1.0929335
1.057  1.0941642
1.058  1.0951543
1.059  1.0959036
1.060  1.0964119
1.061  1.0966791
1.062  1.0967051
1.063  1.0964900
1.064  1.0960338
1.065  1.0953366
1.066  1.0943986
1.067  1.0932200
1.068  1.0918011
1.069  1.0901423
1.070  1.0882440
1.071  1.0861065
1.072  1.0837304
1.073  1.0811162
1.074  1.0782646
1.075  1.0751762
1.076  1.0718518
1.077  1.0682921
1.078  1.0644979
1.079  1.0604702
1.080  1.0562099
1.081  1.0517178
1.082  1.0469952
1.083  1.0420431
1.084  1.0368626
1.085  1.0314550
1.086  1.0258214
1.087  1.0199632
1.088  1.0138817
1.089  1.0075783
1.090  1.0010545
1.091  0.9943118
1.092  0.9873517
1.093  0.9801759
1.094  0.9727858
1.095  0.9651834
1.096  0.9573702
1.097  0.9493482
1.098  0.9411190
1.099  0.9326846
1.100  0.9240470
1.101  0.9152080
1.102  0.9061697
1.103  0.8969342
1.104  0.8875035
1.105  0.8778798
1.106  0.8680652
1.107  0.8580621
1.108  0.8478726
1.109  0.8374991
1.110  0.8269439
1.111  0.8162093
1.112  0.8052979
1.113  0.7942120
1.114  0.7829542
1.115  0.7715270
1.116  0.7599329
1.117  0.7481746
1.118  0.7362547
1.119  0.7241758
1.120  0.7119407
1.121  0.6995521
1.122  0.6870127
1.123  0.6743254
1.124  0.6614929
1.125  0.6485181
1.126  0.6354040
1.127  0.6221534
1.128  0.6087692
1.129  0.5952544
1.130  0.5816120
1.131  0.5678450
1.132  0.5539564
1.133  0.5399493
1.134  0.5258268
1.135  0.5115920
1.136  0.4972479
1.137  0.4827978
1.138  0.4682448
1.139  0.4535920
1.140  0.4388427
1.141  0.4240001
1.142  0.4090673
1.143  0.3940477
1.144  0.3789446
1.145  0.3637610
1.146  0.3485004
1.147  0.3331661
1.148  0.3177613
1.149  0.3022893
1.150  0.2867536
1.151  0.2711573
1.152  0.2555039
1.153  0.2397967
1.154  0.2240390
1.155  0.2082343
1.156  0.1923858
1.157  0.1764969
1.158  0.1605711
1.159  0.1446116
1.160  0.1286218
1.161  0.1126052
1.162  0.0965650
1.163  0.0805047
1.164  0.0644276
1.165  0.0483371
1.166  0.0322365
1.167  0.0161292
1.168  0.0000186
1.169 -0.0160920
1.170 -0.0321993
1.171 -0.0482999
1.172 -0.0643906
1.173 -0.0804679
1.174 -0.0965286
1.175 -0.1125695
1.176 -0.1285871
1.177 -0.1445783
1.178 -0.1605398
1.179 -0.1764683
1.180 -0.1923606
1.181 -0.2082135
1.182 -0.2240238
1.183 -0.2397884
1.184 -0.2555039
1.185 -0.2711674
1.186 -0.2867756
1.187 -0.3023254
1.188 -0.3178138
1.189 -0.3332377
1.190 -0.3485939
1.191 -0.3638796
1.192 -0.3790917
1.193 -0.3942271
1.194 -0.4092830
1.195 -0.4242564
1.196 -0.4391443
1.197 -0.4539439
1.198 -0.4686524
1.199 -0.4832668
1.200 -0.4977843
1.201 -0.5122023
1.202 -0.5265179
1.203 -0.5407283
1.204 -0.5548310
1.205 -0.5688232
1.206 -0.5827022
1.207 -0.5964656
1.208 -0.6101106
1.209 -0.6236347
1.210 -0.6370355
1.211 -0.6503104
1.212 -0.6634570
1.213 -0.6764728
1.214 -0.6893556
1.215 -0.7021028
1.216 -0.7147123
1.217 -0.7271816
1.218 -0.7395087
1.219 -0.7516912
1.220 -0.7637270
1.221 -0.7756139
1.222 -0.7873498
1.223 -0.7989328
1.224 -0.8103606
1.225 -0.8216314
1.226 -0.8327432
1.227 -0.8436940
1.228 -0.8544820
1.229 -0.8651053
1.230 -0.8755622
1.231 -0.8858509
1.232 -0.8959696
1.233 -0.9059166
1.234 -0.9156904
1.235 -0.9252892
1.236 -0.9347116
1.237 -0.9439560
1.238 -0.9530209
1.239 -0.9619049
1.240 -0.9706066
1.241 -0.9791245
1.242 -0.9874574
1.243 -0.9956041
1.244 -1.0035631
1.245 -1.0113334
1.246 -1.0189138
1.247 -1.0263032
1.248 -1.0335004
1.249 -1.0405045
1.250 -1.0473144
1.251 -1.0539292
1.252 -1.0603480
1.253 -1.0665700
1.254 -1.0725942
1.255 -1.0784199
1.256 -1.0840463
1.257 -1.0894728
1.258 -1.0946987
1.259 -1.0997233
1.260 -1.1045460
1.261 -1.1091664
1.262 -1.1135839
1.263 -1.1177981
1.264 -1.1218085
1.265 -1.1256148
1.266 -1.1292166
1.267 -1.1326137
1.268 -1.1358057
1.269 -1.1387925
1.270 -1.1415738
1.271 -1.1441496
1.272 -1.1465198
1.273 -1.1486842
1.274 -1.1506429
1.275 -1.1523959
1.276 -1.1539432
1.277 -1.1552850
1.278 -1.1564213
1.279 -1.1573525
1.280 -1.1580786
1.281 -1.1585999
1.282 -1.1589167
1.283 -1.1590293
1.284 -1.1589382
1.285 -1.1586437
1.286 -1.1581461
1.287 -1.1574461
1.288 -1.1565441
1.289 -1.1554407
1.290 -1.1541364
1.291 -1.1526318
1.292 -1.1509277
1.293 -1.1490246
1.294 -1.1469233
1.295 -1.1446246
1.296 -1.1421292
1.297 -1.1394379
1.298 -1.1365516
1.299 -1.1334712
1.300 -1.1301976
1.301 -1.1267318
1.302 -1.1230746
1.303 -1.1192272
1.304 -1.1151905
1.305 -1.1109657
1.306 -1.1065537
1.307 -1.1019559
1.308 -1.0971732
1.309 -1.0922069
1.310 -1.0870582
1.311 -1.0817283
1.312 -1.0762186
1.313 -1.0705303
1.314 -1.0646646
1.315 -1.0586231
1.316 -1.0524069
1.317 -1.0460176
1.318 -1.0394566
1.319 -1.0327253
1.320 -1.0258251
1.321 -1.0187576
1.322 -1.0115243
1.323 -1.0041267
1.324 -0.9965663
1.325 -0.9888449
1.326 -0.9809638
1.327 -0.9729249
1.328 -0.9647297
1.329 -0.9563800
1.330 -0.9478772
1.331 -0.9392233
1.332 -0.9304199
1.333 -0.9214687
1.334 -0.9123715
1.335 -0.9031301
1.336 -0.8937463
1.337 -0.8842218
1.338 -0.8745585
1.339 -0.8647582
1.340 -0.8548229
1.341 -0.8447542
1.342 -0.8345542
1.343 -0.8242247
1.344 -0.8137677
1.345 -0.8031850
1.346 -0.7924786
1.347 -0.7816504
1.348 -0.7707023
1.349 -0.7596364
1.350 -0.7484547
1.351 -0.7371590
1.352 -0.7257514
1.353 -0.7142340
1.354 -0.7026086
1.355 -0.6908774
1.356 -0.6790423
1.357 -0.6671054
1.358 -0.6550687
1.359 -0.6429344
1.360 -0.6307043
1.361 -0.6183807
1.362 -0.6059655
1.363 -0.5934608
1.364 -0.5808687
1.365 -0.5681913
1.366 -0.5554306
1.367 -0.5425887
1.368 -0.5296678
1.369 -0.5166698
1.370 -0.5035970
1.371 -0.4904513
1.372 -0.4772349
1.373 -0.4639498
1.374 -0.4505981
1.375 -0.4371820
1.376 -0.4237035
1.377 -0.4101647
1.378 -0.3965677
1.379 -0.3829145
1.380 -0.3692073
1.381 -0.3554482
1.382 -0.3416391
1.383 -0.3277822
1.384 -0.3138796
1.385 -0.2999332
1.386 -0.2859452
1.387 -0.2719176
1.388 -0.2578525
1.389 -0.2437519
1.390 -0.2296178
1.391 -0.2154523
1.392 -0.2012574
1.393 -0.1870351
1.394 -0.1727875
1.395 -0.1585164
1.396 -0.1442240
1.397 -0.1299121
1.398 -0.1155828
1.399 -0.1012381
1.400 -0.0868799
1.401 -0.0725101
1.402 -0.0581307
1.403 -0.0437436
1.404 -0.0293508
1.405 -0.0149541
1.406 -0.0005555
1.407  0.0138433
1.408  0.0282402
1.409  0.0426335
1.410  0.0570212
1.411  0.0714016
1.412  0.0857728
1.413  0.1001330
1.414  0.1144805
1.415  0.1288133
1.416  0.1431298
1.417  0.1574282
1.418  0.1717067
1.419  0.1859636
1.420  0.2001972
1.421  0.2144058
1.422  0.2285877
1.423  0.2427412
1.424  0.2568646
1.425  0.2709564
1.426  0.2850149
1.427  0.2990384
1.428  0.3130254
1.429  0.3269743
1.430  0.3408835
1.431  0.3547515
1.432  0.3685767
1.433  0.3823577
1.434  0.3960928
1.435  0.4097808
1.436  0.4234199
1.437  0.4370090
1.438  0.4505464
1.439  0.4640308
1.440  0.4774607
1.441  0.4908349
1.442  0.5041519
1.443  0.5174103
1.444  0.5306090
1.445  0.5437465
1.446  0.5568215
1.447  0.5698329
1.448  0.5827792
1.449  0.5956594
1.450  0.6084721
1.451  0.6212162
1.452  0.6338905
1.453  0.6464939
1.454  0.6590251
1.455  0.6714830
1.456  0.6838666
1.457  0.6961748
1.458  0.7084064
1.459  0.7205605
1.460  0.7326360
1.461  0.7446318
1.462  0.7565471
1.463  0.7683807
1.464  0.7801318
1.465  0.7917994
1.466  0.8033826
1.467  0.8148804
1.468  0.8262921
1.469  0.8376167
1.470  0.8488534
1.471  0.8600014
1.472  0.8710598
1.473  0.8820278
1.474  0.8929048
1.475  0.9036899
1.476  0.9143824
1.477  0.9249816
1.478  0.9354868
1.479  0.9458973
1.480  0.9562124
1.481  0.9664316
1.482  0.9765541
1.483  0.9865794
1.484  0.9965070
1.485  1.0063361
1.486  1.0160663
1.487  1.0256971
1.488  1.0352279
1.489  1.0446582
1.490  1.0539876
1.491  1.0632156
1.492  1.0723417
1.493  1.0813656
1.494  1.0902868
1.495  1.0991049
1.496  1.1078195
1.497  1.1164304
1.498  1.1249371
1.499  1.1333393
1.500  1.1416368
1.501  1.1498292
1.502  1.1579162
1.503  1.1658977
1.504  1.1737734
1.505  1.1815430
1.506  1.1892064
1.507  1.1967634
1.508  1.2042137
1.509  1.2115573
1.510  1.2187939
1.511  1.2259235
1.512  1.2329460
1.513  1.2398612
1.514  1.2466691
1.515  1.2533696
1.516  1.2599627
1.517  1.2664484
1.518  1.2728265
1.519  1.2790972
1.520  1.2852603
1.521  1.2913160
1.522  1.2972643
1.523  1.3031053
1.524  1.3088389
1.525  1.3144653
1.526  1.3199846
1.527  1.3253969
1.528  1.3307023
1.529  1.3359010
1.530  1.3409930
1.531  1.3459786
1.532  1.3508579
1.533  1.3556311
1.534  1.3602984
1.535  1.3648601
1.536  1.3693163
1.537  1.3736673
1.538  1.3779133
1.539  1.3820546
1.540  1.3860915
1.541  1.3900242
1.542  1.3938530
1.543  1.3975783
1.544  1.4012004
1.545  1.4047195
1.546  1.4081360
1.547  1.4114504
1.548  1.4146628
1.549  1.4177737
1.550  1.4207836
1.551  1.4236927
1.552  1.4265014
1.553  1.4292102
1.554  1.4318195
1.555  1.4343297
1.556  1.4367413
1.557  1.4390547
1.558  1.4412703
1.559  1.4433886
1.560  1.4454101
1.561  1.4473353
1.562  1.4491646
1.563  1.4508985
1.564  1.4525376
1.565  1.4540824
1.566  1.4555333
1.567  1.4568910
1.568  1.4581558
1.569  1.4593284
1.570  1.4604094
1.571  1.4613992
1.572  1.4622985
1.573  1.4631077
1.574  1.4638276
1.575  1.4644585
1.576  1.4650013
1.577  1.4654563
1.578  1.4658243
1.579  1.4661058
1.580  1.4663014
1.581  1.4664118
1.582  1.4664375
1.583  1.4663793
1.584  1.4662376
1.585  1.4660132
1.586  1.4657067
1.587  1.4653187
1.588  1.4648499
1.589  1.4643009
1.590  1.4636724
1.591  1.4629650
1.592  1.4621794
1.593  1.4613163
1.594  1.4603763
1.595  1.4593601
1.596  1.4582684
1.597  1.4571019
1.598  1.4558611
1.599  1.4545469
1.600  1.4531599
1.601  1.4517008
1.602  1.4501703
1.603  1.4485690
1.604  1.4468978
1.605  1.4451571
1.606  1.4433479
1.607  1.4414707
1.608  1.4395263
1.609  1.4375154
1.610  1.4354387
1.611  1.4332968
1.612  1.4310905
1.613  1.4288206
1.614  1.4264876
1.615  1.4240924
1.616  1.4216356
1.617  1.4191180
1.618  1.4165402
1.619  1.4139030
1.620  1.4112070
1.621  1.4084531
1.622  1.4056419
1.623  1.4027741
1.624  1.3998504
1.625  1.3968716
1.626  1.3938383
1.627  1.3907513
1.628  1.3876113
1.629  1.3844190
1.630  1.3811751
1.631  1.3778803
1.632  1.3745353
1.633  1.3711408
1.634  1.3676976
1.635  1.3642063
1.636  1.3606676
1.637  1.3570823
1.638  1.3534510
1.639  1.3497744
1.640  1.3460533
1.641  1.3422883
1.642  1.3384801
1.643  1.3346295
1.644  1.3307370
1.645  1.3268034
1.646  1.3228294
1.647  1.3188157
1.648  1.3147629
1.649  1.3106717
1.650  1.3065428
1.651  1.3023769
1.652  1.2981746
1.653  1.2939366
1.654  1.2896636
1.655  1.2853562
1.656  1.2810151
1.657  1.2766410
1.658  1.2722345
1.659  1.2677962
1.660  1.2633269
1.661  1.2588271
1.662  1.2542974
1.663  1.2497387
1.664  1.2451514
1.665  1.2405361
1.666  1.2358937
1.667  1.2312245
1.668  1.2265294
1.669  1.2218088
1.670  1.2170635
1.671  1.2122940
1.672  1.2075009
1.673  1.2026848
1.674  1.1978464
1.675  1.1929862
1.676  1.1881049
1.677  1.1832029
1.678  1.1782810
1.679  1.1733396
1.680  1.1683794
1.681  1.1634009
1.682  1.1584047
1.683  1.1533914
1.684  1.1483615
1.685  1.1433156
1.686  1.1382543
1.687  1.1331780
1.688  1.1280874
1.689  1.1229829
1.690  1.1178651
1.691  1.1127346
1.692  1.1075918
1.693  1.1024374
1.694  1.0972717
1.695  1.0920954
1.696  1.0869089
1.697  1.0817127
1.698  1.0765074
1.699  1.0712935
1.700  1.0660713
1.701  1.0608415
1.702  1.0556045
1.703  1.0503608
1.704  1.0451108
1.705  1.0398551
1.706  1.0345940
1.707  1.0293282
1.708  1.0240579
1.709  1.0187837
1.710  1.0135060
1.711  1.0082253
1.712  1.0029420
1.713  0.9976565
1.714  0.9923693
1.715  0.9870808
1.716  0.9817914
1.717  0.9765015
1.718  0.9712115
1.719  0.9659219
1.720  0.9606330
1.721  0.9553453
1.722  0.9500591
1.723  0.9447749
1.724  0.9394930
1.725  0.9342137
1.726  0.9289375
1.727  0.9236648
1.728  0.9183959
1.729  0.9131311
1.730  0.9078709
1.731  0.9026156
1.732  0.8973654
1.733  0.8921209
1.734  0.8868822
1.735  0.8816498
1.736  0.8764240
1.737  0.8712051
1.738  0.8659934
1.739  0.8607893
1.740  0.8555930
1.741  0.8504049
1.742  0.8452253
1.743  0.8400544
1.744  0.8348926
1.745  0.8297401
1.746  0.8245973
1.747  0.8194644
1.748  0.8143418
1.749  0.8092296
1.750  0.8041281
1.751  0.7990377
1.752  0.7939586
1.753  0.7888910
1.754  0.7838352
1.755  0.7787914
1.756  0.7737599
1.757  0.7687410
1.758  0.7637348
1.759  0.7587416
1.760  0.7537616
1.761  0.7487951
1.762  0.7438422
1.763  0.7389033
1.764  0.7339784
1.765  0.7290679
1.766  0.7241719
1.767  0.7192906
1.768  0.7144242
1.769  0.7095729
1.770  0.7047369
1.771  0.6999165
1.772  0.6951116
1.773  0.6903227
1.774  0.6855497
1.775  0.6807930
1.776  0.6760526
1.777  0.6713288
1.778  0.6666216
1.779  0.6619313
1.780  0.6572580
1.781  0.6526018
1.782  0.6479629
1.783  0.6433415
1.784  0.6387377
1.785  0.6341515
1.786  0.6295833
1.787  0.6250330
1.788  0.6205008
1.789  0.6159868
1.790  0.6114912
1.791  0.6070140
1.792  0.6025554
1.793  0.5981155
1.794  0.5936944
1.795  0.5892922
1.796  0.5849090
1.797  0.5805449
1.798  0.5762000
1.799  0.5718744
1.800  0.5675681
1.801  0.5632813
1.802  0.5590141
1.803  0.5547664
1.804  0.5505385
1.805  0.5463303
1.806  0.5421420
1.807  0.5379736
1.808  0.5338251
1.809  0.5296967
1.810  0.5255884
1.811  0.5215003
1.812  0.5174324
1.813  0.5133847
1.814  0.5093574
1.815  0.5053504
1.816  0.5013638
1.817  0.4973977
1.818  0.4934520
1.819  0.4895269
1.820  0.4856224
1.821  0.4817384
1.822  0.4778751
1.823  0.4740324
1.824  0.4702104
1.825  0.4664091
1.826  0.4626285
1.827  0.4588687
1.828  0.4551296
1.829  0.4514113
1.830  0.4477138
1.831  0.4440371
1.832  0.4403812
1.833  0.4367460
1.834  0.4331317
1.835  0.4295383
1.836  0.4259656
1.837  0.4224137
1.838  0.4188827
1.839  0.4153724
1.840  0.4118830
1.841  0.4084143
1.842  0.4049665
1.843  0.4015393
1.844  0.3981330
1.845  0.3947473
1.846  0.3913824
1.847  0.3880382
1.848  0.3847146
1.849  0.3814117
1.850  0.3781294
1.851  0.3748677
1.852  0.3716266
1.853  0.3684060
1.854  0.3652059
1.855  0.3620263
1.856  0.3588671
1.857  0.3557284
1.858  0.3526100
1.859  0.3495120
1.860  0.3464342
1.861  0.3433767
1.862  0.3403394
1.863  0.3373223
1.864  0.3343253
1.865  0.3313483
1.866  0.3283914
1.867  0.3254545
1.868  0.3225375
1.869  0.3196404
1.870  0.3167631
1.871  0.3139056
1.872  0.3110678
1.873  0.3082496
1.874  0.3054511
1.875  0.3026721
1.876  0.2999127
1.877  0.2971726
1.878  0.2944519
1.879  0.2917506
1.880  0.2890684
1.881  0.2864055
1.882  0.2837617
1.883  0.2811370
1.884  0.2785312
1.885  0.2759444
1.886  0.2733764
1.887  0.2708272
1.888  0.2682968
1.889  0.2657849
1.890  0.2632917
1.891  0.2608170
1.892  0.2583607
1.893  0.2559228
1.894  0.2535032
1.895  0.2511018
1.896  0.2487185
1.897  0.2463533
1.898  0.2440061
1.899  0.2416768
1.900  0.2393654
1.901  0.2370717
1.902  0.2347958
1.903  0.2325374
1.904  0.2302965
1.905  0.2280731
1.906  0.2258671
1.907  0.2236784
1.908  0.2215068
1.909  0.2193524
1.910  0.2172151
1.911  0.2150947
1.912  0.2129912
1.913  0.2109045
1.914  0.2088345
1.915  0.2067811
1.916  0.2047443
1.917  0.2027240
1.918  0.2007200
1.919  0.1987324
1.920  0.1967610
1.921  0.1948056
1.922  0.1928664
1.923  0.1909431
1.924  0.1890356
1.925  0.1871440
1.926  0.1852680
1.927  0.1834077
1.928  0.1815629
1.929  0.1797336
1.930  0.1779196
1.931  0.1761208
1.932  0.1743373
1.933  0.1725688
1.934  0.1708154
1.935  0.1690769
1.936  0.1673532
1.937  0.1656442
1.938  0.1639500
1.939  0.1622703
1.940  0.1606050
1.941  0.1589542
1.942  0.1573177
1.943  0.1556954
1.944  0.1540873
1.945  0.1524932
1.946  0.1509130
1.947  0.1493468
1.948  0.1477943
1.949  0.1462555
1.950  0.1447304
1.951  0.1432187
1.952  0.1417205
1.953  0.1402357
1.954  0.1387641
1.955  0.1373057
1.956  0.1358604
1.957  0.1344281
1.958  0.1330088
1.959  0.1316022
1.960  0.1302084
1.961  0.1288273
1.962  0.1274587
1.963  0.1261027
1.964  0.1247590
1.965  0.1234277
1.966  0.1221086
1.967  0.1208016
1.968  0.1195068
1.969  0.1182239
1.970  0.1169529
1.971  0.1156937
1.972  0.1144462
1.973  0.1132104
1.974  0.1119861
1.975  0.1107734
1.976  0.1095720
1.977  0.1083819
1.978  0.1072031
1.979  0.1060354
1.980  0.1048788
1.981  0.1037332
1.982  0.1025985
1.983  0.1014746
1.984  0.1003615
1.985  0.0992590
1.986  0.0981671
1.987  0.0970857
1.988  0.0960147
1.989  0.0949541
1.990  0.0939037
1.991  0.0928635
1.992  0.0918335
1.993  0.0908134
1.994  0.0898033
1.995  0.0888031
1.996  0.0878127
1.997  0.0868320
1.998  0.0858610
1.999  0.0848995
2.000  0.0839475
2.001  0.0830049
2.002  0.0820717
2.003  0.0811477
2.004  0.0802330
2.005  0.0793273
2.006  0.0784307
2.007  0.0775431
2.008  0.0766643
2.009  0.0757944
2.010  0.0749333
2.011  0.0740808
2.012  0.0732369
2.013  0.0724016
2.014  0.0715747
2.015  0.0707563
2.016  0.0699461
2.017  0.0691442
2.018  0.0683505
2.019  0.0675650
2.020  0.0667874
2.021  0.0660179
2.022  0.0652563
2.023  0.0645025
2.024  0.0637565
2.025  0.0630182
2.026  0.0622875
2.027  0.0615645
2.028  0.0608489
2.029  0.0601408
2.030  0.0594401
2.031  0.0587467
2.032  0.0580606
2.033  0.0573816
2.034  0.0567098
2.035  0.0560450
2.036  0.0553873
2.037  0.0547364
2.038  0.0540925
2.039  0.0534554
2.040  0.0528250
2.041  0.0522014
2.042  0.0515843
2.043  0.0509739
2.044  0.0503699
2.045  0.0497724
2.046  0.0491813
2.047  0.0485966
2.048  0.0480181
2.049  0.0474459
2.050  0.0468798
2.051  0.0463198
2.052  0.0457659
2.053  0.0452180
2.054  0.0446760
2.055  0.0441399
2.056  0.0436097
2.057  0.0430852
2.058  0.0425664
2.059  0.0420533
2.060  0.0415459
2.061  0.0410440
2.062  0.0405476
2.063  0.0400566
2.064  0.0395711
2.065  0.0390909
2.066  0.0386160
2.067  0.0381464
2.068  0.0376820
2.069  0.0372227
2.070  0.0367685
2.071  0.0363194
2.072  0.0358753
2.073  0.0354361
2.074  0.0350019
2.075  0.0345725
2.076  0.0341479
2.077  0.0337281
2.078  0.0333130
2.079  0.0329026
2.080  0.0324968
2.081  0.0320956
2.082  0.0316989
2.083  0.0313067
2.084  0.0309190
2.085  0.0305356
2.086  0.0301566
2.087  0.0297820
2.088  0.0294115
2.089  0.0290454
2.090  0.0286834
2.091  0.0283255
2.092  0.0279718
2.093  0.0276221
2.094  0.0272764
2.095  0.0269347
2.096  0.0265970
2.097  0.0262631
2.098  0.0259331
2.099  0.0256069
2.100  0.0252845
2.101  0.0249659
2.102  0.0246509
2.103  0.0243396
2.104  0.0240319
2.105  0.0237278
2.106  0.0234273
2.107  0.0231303
2.108  0.0228367
2.109  0.0225466
2.110  0.0222599
2.111  0.0219766
2.112  0.0216966
2.113  0.0214199
2.114  0.0211464
2.115  0.0208762
2.116  0.0206092
2.117  0.0203453
2.118  0.0200846
2.119  0.0198270
2.120  0.0195724
2.121  0.0193209
2.122  0.0190723
2.123  0.0188267
2.124  0.0185841
2.125  0.0183443
2.126  0.0181075
2.127  0.0178734
2.128  0.0176422
2.129  0.0174137
2.130  0.0171880
2.131  0.0169650
2.132  0.0167448
2.133  0.0165271
2.134  0.0163121
2.135  0.0160997
2.136  0.0158899
2.137  0.0156826
2.138  0.0154778
2.139  0.0152755
2.140  0.0150757
2.141  0.0148783
2.142  0.0146834
2.143  0.0144908
2.144  0.0143005
2.145  0.0141126
2.146  0.0139270
2.147  0.0137437
2.148  0.0135626
2.149  0.0133838
2.150  0.0132071
2.151  0.0130326
2.152  0.0128603
2.153  0.0126901
2.154  0.0125221
2.155  0.0123561
2.156  0.0121921
2.157  0.0120302
2.158  0.0118703
2.159  0.0117124
2.160  0.0115564
2.161  0.0114024
2.162  0.0112504
2.163  0.0111002
2.164  0.0109519
2.165  0.0108054
2.166  0.0106608
2.167  0.0105180
2.168  0.0103770
2.169  0.0102378
2.170  0.0101003
2.171  0.0099645
2.172  0.0098305
2.173  0.0096982
2.174  0.0095675
2.175  0.0094385
2.176  0.0093111
2.177  0.0091853
2.178  0.0090611
2.179  0.0089385
2.180  0.0088175
2.181  0.0086980
2.182  0.0085800
2.183  0.0084636
2.184  0.0083486
2.185  0.0082351
2.186  0.0081230
2.187  0.0080124
2.188  0.0079032
2.189  0.0077954
2.190  0.0076889
2.191  0.0075839
2.192  0.0074802
2.193  0.0073778
2.194  0.0072768
2.195  0.0071770
2.196  0.0070786
2.197  0.0069814
2.198  0.0068855
2.199  0.0067908
2.200  0.0066974
2.201  0.0066051
2.202  0.0065141
2.203  0.0064243
2.204  0.0063356
2.205  0.0062481
2.206  0.0061617
2.207  0.0060764
2.208  0.0059923
2.209  0.0059092
2.210  0.0058273
2.211  0.0057464
2.212  0.0056666
2.213  0.0055878
2.214  0.0055101
2.215  0.0054334
2.216  0.0053577
2.217  0.0052830
2.218  0.0052093
2.219  0.0051365
2.220  0.0050648
2.221  0.0049939
2.222  0.0049241
2.223  0.0048551
2.224  0.0047870
2.225  0.0047199
2.226  0.0046536
2.227  0.0045883
2.228  0.0045238
2.229  0.0044601
2.230  0.0043973
2.231  0.0043354
2.232  0.0042743
2.233  0.0042140
2.234  0.0041545
2.235  0.0040958
2.236  0.0040379
2.237  0.0039807
2.238  0.0039244
2.239  0.0038687
2.240  0.0038139
2.241  0.0037598
2.242  0.0037064
2.243  0.0036537
2.244  0.0036017
2.245  0.0035505
2.246  0.0034999
2.247  0.0034500
2.248  0.0034008
2.249  0.0033523
2.250  0.0033044
2.251  0.0032572
2.252  0.0032106
2.253  0.0031647
2.254  0.0031193
2.255  0.0030746
2.256  0.0030305
2.257  0.0029870
2.258  0.0029442
2.259  0.0029018
2.260  0.0028601
2.261  0.0028189
2.262  0.0027784
2.263  0.0027383
2.264  0.0026988
2.265  0.0026599
2.266  0.0026215
2.267  0.0025836
2.268  0.0025462
2.269  0.0025094
2.270  0.0024731
2.271  0.0024372
2.272  0.0024019
2.273  0.0023670
2.274  0.0023327
2.275  0.0022988
2.276  0.0022654
2.277  0.0022324
2.278  0.0021999
2.279  0.0021679
2.280  0.0021363
2.281  0.0021051
2.282  0.0020744
2.283  0.0020441
2.284  0.0020142
2.285  0.0019848
2.286  0.0019557
2.287  0.0019271
2.288  0.0018989
2.289  0.0018710
2.290  0.0018436
2.291  0.0018165
2.292  0.0017898
2.293  0.0017635
2.294  0.0017376
2.295  0.0017120
2.296  0.0016868
2.297  0.0016619
2.298  0.0016374
2.299  0.0016133
2.300  0.0015894
2.301  0.0015660
2.302  0.0015428
2.303  0.0015200
2.304  0.0014975
2.305  0.0014753
2.306  0.0014534
2.307  0.0014319
2.308  0.0014106
2.309  0.0013897
2.310  0.0013690
2.311  0.0013487
2.312  0.0013286
2.313  0.0013089
2.314  0.0012894
2.315  0.0012701
2.316  0.0012512
2.317  0.0012325
2.318  0.0012141
2.319  0.0011960
2.320  0.0011781
2.321  0.0011605
2.322  0.0011431
2.323  0.0011260
2.324  0.0011091
2.325  0.0010925
2.326  0.0010761
2.327  0.0010600
2.328  0.0010440
2.329  0.0010283
2.330  0.0010129
2.331  0.0009976
2.332  0.0009826
2.333  0.0009678
2.334  0.0009532
2.335  0.0009389
2.336  0.0009247
2.337  0.0009107
2.338  0.0008970
2.339  0.0008834
2.340  0.0008700
2.341  0.0008569
2.342  0.0008439
2.343  0.0008311
2.344  0.0008185
2.345  0.0008061
2.346  0.0007939
2.347  0.0007818
2.348  0.0007699
2.349  0.0007582
2.350  0.0007467
2.351  0.0007353
2.352  0.0007241
2.353  0.0007131
2.354  0.0007022
2.355  0.0006915
2.356  0.0006809
2.357  0.0006705
2.358  0.0006603
2.359  0.0006502
2.360  0.0006402
2.361  0.0006304
2.362  0.0006208
2.363  0.0006113
2.364  0.0006019
2.365  0.0005927
2.366  0.0005836
2.367  0.0005746
2.368  0.0005658
2.369  0.0005571
2.370  0.0005485
2.371  0.0005401
2.372  0.0005317
2.373  0.0005235
2.374  0.0005155
2.375  0.0005075
2.376  0.0004997
2.377  0.0004920
2.378  0.0004844
2.379  0.0004769
2.380  0.0004695
2.381  0.0004622
2.382  0.0004551
2.383  0.0004480
2.384  0.0004411
2.385  0.0004343
2.386  0.0004275
2.387  0.0004209
2.388  0.0004143
2.389  0.0004079
2.390  0.0004016
2.391  0.0003953
2.392  0.0003892
2.393  0.0003831
2.394  0.0003771
2.395  0.0003712
2.396  0.0003655
2.397  0.0003597
2.398  0.0003541
2.399  0.0003486
2.400  0.0003432
2.401  0.0003378
2.402  0.0003325
2.403  0.0003273
2.404  0.0003222
2.405  0.0003171
2.406  0.0003121
2.407  0.0003072
2.408  0.0003024
2.409  0.0002977
2.410  0.0002930
2.411  0.0002884
2.412  0.0002839
2.413  0.0002794
2.414  0.0002750
2.415  0.0002707
2.416  0.0002664
2.417  0.0002622
2.418  0.0002581
2.419  0.0002540
2.420  0.0002500
2.421  0.0002460
2.422  0.0002421
2.423  0.0002383
2.424  0.0002345
2.425  0.0002308
2.426  0.0002272
2.427  0.0002236
2.428  0.0002200
2.429  0.0002165
2.430  0.0002131
2.431  0.0002097
2.432  0.0002064
2.433  0.0002031
2.434  0.0001999
2.435  0.0001967
2.436  0.0001936
2.437  0.0001905
2.438  0.0001875
2.439  0.0001845
2.440  0.0001815
2.441  0.0001786
2.442  0.0001758
2.443  0.0001730
2.444  0.0001702
2.445  0.0001675
2.446  0.0001648
2.447  0.0001622
2.448  0.0001596
2.449  0.0001570
2.450  0.0001545
2.451  0.0001520
2.452  0.0001496
2.453  0.0001472
2.454  0.0001448
2.455  0.0001425
2.456  0.0001402
2.457  0.0001380
2.458  0.0001358
2.459  0.0001336
2.460  0.0001314
2.461  0.0001293
2.462  0.0001272
2.463  0.0001252
2.464  0.0001232
2.465  0.0001212
2.466  0.0001192
2.467  0.0001173
2.468  0.0001154
2.469  0.0001135
2.470  0.0001117
2.471  0.0001099
2.472  0.0001081
2.473  0.0001064
2.474  0.0001046
2.475  0.0001029
2.476  0.0001013
2.477  0.0000996
2.478  0.0000980
2.479  0.0000964
2.480  0.0000949
2.481  0.0000933
2.482  0.0000918
2.483  0.0000903
2.484  0.0000888
2.485  0.0000874
2.486  0.0000860
2.487  0.0000846
2.488  0.0000832
2.489  0.0000818
2.490  0.0000805
2.491  0.0000792
2.492  0.0000779
2.493  0.0000766
2.494  0.0000754
2.495  0.0000741
2.496  0.0000729
2.497  0.0000717
2.498  0.0000706
2.499  0.0000694
2.500  0.0000683
2.501  0.0000671
2.502  0.0000660
2.503  0.0000650
2.504  0.0000639
2.505  0.0000628
2.506  0.0000618
2.507  0.0000608
2.508  0.0000598
2.509  0.0000588
2.510  0.0000578
2.511  0.0000569
2.512  0.0000560
2.513  0.0000550
2.514  0.0000541
2.515  0.0000532
2.516  0.0000524
2.517  0.0000515
2.518  0.0000506
2.519  0.0000498
2.520  0.0000490
2.521  0.0000482
2.522  0.0000474
2.523  0.0000466
2.524  0.0000458
2.525  0.0000451
2.526  0.0000443
2.527  0.0000436
2.528  0.0000429
2.529  0.0000422
2.530  0.0000415
2.531  0.0000408
2.532  0.0000401
2.533  0.0000394
2.534  0.0000388
2.535  0.0000381
2.536  0.0000375
2.537  0.0000369
2.538  0.0000363
2.539  0.0000357
2.540  0.0000351
2.541  0.0000345
2.542  0.0000339
2.543  0.0000333
2.544  0.0000328
2.545  0.0000322
2.546  0.0000317
2.547  0.0000312
2.548  0.0000306
2.549  0.0000301
2.550  0.0000296
2.551  0.0000291
2.552  0.0000286
2.553  0.0000282
2.554  0.0000277
2.555  0.0000272
2.556  0.0000268
2.557  0.0000263
2.558  0.0000259
2.559  0.0000255
2.560  0.0000250
2.561  0.0000246
2.562  0.0000242
2.563  0.0000238
2.564  0.0000234
2.565  0.0000230
2.566  0.0000226
2.567  0.0000222
2.568  0.0000219
2.569  0.0000215
2.570  0.0000211
2.571  0.0000208
2.572  0.0000204
2.573  0.0000201
2.574  0.0000197
2.575  0.0000194
2.576  0.0000191
2.577  0.0000187
2.578  0.0000184
2.579  0.0000181
2.580  0.0000178
2.581  0.0000175
2.582  0.0000172
2.583  0.0000169
2.584  0.0000166
2.585  0.0000164
2.586  0.0000161
2.587  0.0000158
2.588  0.0000155
2.589  0.0000153
2.590  0.0000150
2.591  0.0000148
2.592  0.0000145
2.593  0.0000143
2.594  0.0000140
2.595  0.0000138
2.596  0.0000135
2.597  0.0000133
2.598  0.0000131
2.599  0.0000129
2.600  0.0000127
2.601  0.0000124
2.602  0.0000122
2.603  0.0000120
2.604  0.0000118
2.605  0.0000116
2.606  0.0000114
2.607  0.0000112
2.608  0.0000110
2.609  0.0000108
2.610  0.0000107
2.611  0.0000105
2.612  0.0000103
2.613  0.0000101
2.614  0.0000099
2.615  0.0000098
2.616  0.0000096
2.617  0.0000094
2.618  0.0000093
2.619  0.0000091
2.620  0.0000090
2.621  0.0000088
2.622  0.0000087
2.623  0.0000085
2.624  0.0000084
2.625  0.0000082
2.626  0.0000081
2.627  0.0000079
2.628  0.0000078
2.629  0.0000077
2.630  0.0000075
2.631  0.0000074
2.632  0.0000073
2.633  0.0000072
2.634  0.0000070
2.635  0.0000069
2.636  0.0000068
2.637  0.0000067
2.638  0.0000066
2.639  0.0000064
2.640  0.0000063
2.641  0.0000062
2.642  0.0000061
2.643  0.0000060
2.644  0.0000059
2.645  0.0000058
2.646  0.0000057
2.647  0.0000056
2.648  0.0000055
2.649  0.0000054
2.650  0.0000053
2.651  0.0000052
2.652  0.0000051
2.653  0.0000050
2.654  0.0000050
2.655  0.0000049
2.656  0.0000048
2.657  0.0000047
2.658  0.0000046
2.659  0.0000045
2.660  0.0000045
2.661  0.0000044
2.662  0.0000043
2.663  0.0000042
2.664  0.0000042
2.665  0.0000041
2.666  0.0000040
2.667  0.0000039
2.668  0.0000039
2.669  0.0000038
2.670  0.0000037
2.671  0.0000037
2.672  0.0000036
2.673  0.0000036
2.674  0.0000035
2.675  0.0000034
2.676  0.0000034
2.677  0.0000033
2.678  0.0000033
2.679  0.0000032
2.680  0.0000031
2.681  0.0000031
2.682  0.0000030
2.683  0.0000030
2.684  0.0000029
2.685  0.0000029
2.686  0.0000028
2.687  0.0000028
2.688  0.0000027
2.689  0.0000027
2.690  0.0000026
2.691  0.0000026
2.692  0.0000025
2.693  0.0000025
2.694  0.0000025
2.695  0.0000024
2.696  0.0000024
2.697  0.0000023
2.698  0.0000023
2.699  0.0000022
2.700  0.0000022
2.701  0.0000022
2.702  0.0000021
2.703  0.0000021
2.704  0.0000021
2.705  0.0000020
2.706  0.0000020
2.707  0.0000019
2.708  0.0000019
2.709  0.0000019
2.710  0.0000018
2.711  0.0000018
2.712  0.0000018
2.713  0.0000017
2.714  0.0000017
2.715  0.0000017
2.716  0.0000017
2.717  0.0000016
2.718  0.0000016
2.719  0.0000016
2.720  0.0000015
2.721  0.0000015
2.722  0.0000015
2.723  0.0000015
2.724  0.0000014
2.725  0.0000014
2.726  0.0000014
2.727  0.0000014
2.728  0.0000013
2.729  0.0000013
2.730  0.0000013
2.731  0.0000013
2.732  0.0000012
2.733  0.0000012
2.734  0.0000012
2.735  0.0000012
2.736  0.0000012
2.737  0.0000011
2.738  0.0000011
2.739  0.0000011
2.740  0.0000011
2.741  0.0000011
2.742  0.0000010
2.743  0.0000010
2.744  0.0000010
2.745  0.0000010
2.746  0.0000010
2.747  0.0000010
2.748  0.0000009
2.749  0.0000009
2.750  0.0000009
2.751  0.0000009
2.752  0.0000009
2.753  0.0000009
2.754  0.0000008
2.755  0.0000008
2.756  0.0000008
2.757  0.0000008
2.758  0.0000008
2.759  0.0000008
2.760  0.0000008
2.761  0.0000007
2.762  0.0000007
2.763  0.0000007
2.764  0.0000007
2.765  0.0000007
2.766  0.0000007
2.767  0.0000007
2.768  0.0000007
2.769  0.0000006
2.770  0.0000006
2.771  0.0000006
2.772  0.0000006
2.773  0.0000006
2.774  0.0000006
2.775  0.0000006
2.776  0.0000006
2.777  0.0000006
2.778  0.0000005
2.779  0.0000005
2.780  0.0000005
2.781  0.0000005
2.782  0.0000005
2.783  0.0000005
2.784  0.0000005
2.785  0.0000005
2.786  0.0000005
2.787  0.0000005
2.788  0.0000005
2.789  0.0000004
2.790  0.0000004
2.791  0.0000004
2.792  0.0000004
2.793  0.0000004
2.794  0.0000004
2.795  0.0000004
2.796  0.0000004
2.797  0.0000004
2.798  0.0000004
2.799  0.0000004
2.800  0.0000004
2.801  0.0000004
2.802  0.0000004
2.803  0.0000003
2.804  0.0000003
2.805  0.0000003
2.806  0.0000003
2.807  0.0000003
2.808  0.0000003
2.809  0.0000003
2.810  0.0000003
2.811  0.0000003
2.812  0.0000003
2.813  0.0000003
2.814  0.0000003
2.815  0.0000003
2.816  0.0000003
2.817  0.0000003
2.818  0.0000003
2.819  0.0000003
2.820  0.0000003
2.821  0.0000002
2.822  0.0000002
2.823  0.0000002
2.824  0.0000002
2.825  0.0000002
2.826  0.0000002
2.827  0.0000002
2.828  0.0000002
2.829  0.0000002
2.830  0.0000002
2.831  0.0000002
2.832  0.0000002
2.833  0.0000002
2.834  0.0000002
2.835  0.0000002
2.836  0.0000002
2.837  0.0000002
2.838  0.0000002
2.839  0.0000002
2.840  0.0000002
2.841  0.0000002
2.842  0.0000002
2.843  0.0000002
2.844  0.0000002
2.845  0.0000002
2.846  0.0000002
2.847  0.0000002
2.848  0.0000002
2.849  0.0000001
2.850  0.0000001
2.851  0.0000001
2.852  0.0000001
2.853  0.0000001
2.854  0.0000001
2.855  0.0000001
2.856  0.0000001
2.857  0.0000001
2.858  0.0000001
2.859  0.0000001
2.860  0.0000001
2.861  0.0000001
2.862  0.0000001
2.863  0.0000001
2.864  0.0000001
2.865  0.0000001
2.866  0.0000001
2.867  0.0000001
2.868  0.0000001
2.869  0.0000001
2.870  0.0000001
2.871  0.0000001
2.872  0.0000001
2.873  0.0000001
2.874  0.0000001
2.875  0.0000001
2.876  0.0000001
2.877  0.0000001
2.878  0.0000001
2.879  0.0000001
2.880  0.0000001
2.881  0.0000001
2.882  0.0000001
2.883  0.0000001
2.884  0.0000001
2.885  0.0000001
2.886  0.0000001
2.887  0.0000001
2.888  0.0000001
2.889  0.0000001
2.890  0.0000001
2.891  0.0000001
2.892  0.0000001
2.893  0.0000001
2.894  0.0000001
2.895  0.0000001
2.896  0.0000001
2.897  0.0000001
2.898  0.0000001
2.899  0.0000001
2.900  0.0000001
2.901  0.0000001
2.902  0.0000001
2.903  0.0000001
2.904  0.0000001
2.905  0.0000001
2.906  0.0000001
2.907  0.0000001
2.908  0.0000000
2.909  0.0000000
2.910  0.0000000
2.911  0.0000000
2.912  0.0000000
2.913  0.0000000
2.914  0.0000000
2.915  0.0000000
2.916  0.0000000
2.917  0.0000000
2.918  0.0000000
2.919  0.0000000
2.920  0.0000000
2.921  0.0000000
2.922  0.0000000
2.923  0.0000000
2.924  0.0000000
2.925  0.0000000
2.926  0.0000000
2.927  0.0000000
2.928  0.0000000
2.929  0.0000000
2.930  0.0000000
2.931  0.0000000
2.932  0.0000000
2.933  0.0000000
2.934  0.0000000
2.935  0.0000000
2.936  0.0000000
2.937  0.0000000
2.938  0.0000000
2.939  0.0000000
2.940  0.0000000
2.941  0.0000000
2.942  0.0000000
2.943  0.0000000
2.944  0.0000000
2.945  0.0000000
2.946  0.0000000
2.947  0.0000000
2.948  0.0000000
2.949  0.0000000
2.950  0.0000000
2.951  0.0000000
2.952  0.0000000
2.953  0.0000000
2.954  0.0000000
2.955  0.0000000
2.956  0.0000000
2.957  0.0000000
2.958  0.0000000
2.959  0.0000000
2.960  0.0000000
2.961  0.0000000
2.962  0.0000000
2.963  0.0000000
2.964  0.0000000
2.965  0.0000000
2.966  0.0000000
2.967  0.0000000
2.968  0.0000000
2.969  0.0000000
2.970  0.0000000
2.971  0.0000000
2.972  0.0000000
2.973  0.0000000
2.974  0.0000000
2.975  0.0000000
2.976  0.0000000
2.977  0.0000000
2.978  0.0000000
2.979  0.0000000
2.980  0.0000000
2.981  0.0000000
2.982  0.0000000
2.983  0.0000000
2.984  0.0000000
2.985  0.0000000
2.986  0.0000000
2.987  0.0000000
2.988  0.0000000
2.989  0.0000000
2.990  0.0000000
2.991  0.0000000
2.992  0.0000000
2.993  0.0000000
2.994  0.0000000
2.995  0.0000000
2.996  0.0000000
2.997  0.0000000
2.998  0.0000000
2.999  0.0000000
3.000  0.0000000
3.001  0.0000000
3.002  0.0000000
3.003  0.0000000
3.004  0.0000000
3.005  0.0000000
3.006  0.0000000
3.007  0.0000000
3.008  0.0000000
3.009  0.0000000
3.010  0.0000000
3.011  0.0000000
3.012  0.0000000
3.013  0.0000000
3.014  0.0000000
3.015  0.0000000
3.016  0.0000000
3.017  0.0000000
3.018  0.0000000
3.019  0.0000000
3.020  0.0000000
3.021  0.0000000
3.022  0.0000000
3.023  0.0000000
3.024  0.0000000
3.025  0.0000000
3.026  0.0000000
3.027  0.0000000
3.028  0.0000000
3.029  0.0000000
3.030  0.0000000
3.031  0.0000000
3.032  0.0000000
3.033  0.0000000
3.034  0.0000000
3.035  0.0000000
3.036  0.0000000
3.037  0.0000000
3.038  0.0000000
3.039  0.0000000
3.040  0.0000000
3.041  0.0000000
3.042  0.0000000
3.043  0.0000000
3.044  0.0000000
3.045  0.0000000
3.046  0.0000000
3.047  0.0000000
3.048  0.0000000
3.049  0.0000000
3.050  0.0000000
3.051  0.0000000
3.052  0.0000000
3.053  0.0000000
3.054  0.0000000
3.055  0.0000000
3.056  0.0000000
3.057  0.0000000
3.058  0.0000000
3.059  0.0000000
3.060  0.0000000
3.061  0.0000000
3.062  0.0000000
3.063  0.0000000
3.064  0.0000000
3.065  0.0000000
3.066  0.0000000
3.067  0.0000000
3.068  0.0000000
3.069  0.0000000
3.070  0.0000000
3.071  0.0000000
3.072  0.0000000
3.073  0.0000000
3.074  0.0000000
3.075  0.0000000
3.076  0.0000000
3.077  0.0000000
3.078  0.0000000
3.079  0.0000000
3.080  0.0000000
3.081  0.0000000
3.082  0.0000000
3.083  0.0000000
3.084  0.0000000
3.085  0.0000000
3.086  0.0000000
3.087  0.0000000
3.088  0.0000000
3.089  0.0000000
3.090  0.0000000
3.091  0.0000000
3.092  0.0000000
3.093  0.0000000
3.094  0.0000000
3.095  0.0000000
3.096  0.0000000
3.097  0.0000000
3.098  0.0000000
3.099  0.0000000
3.100  0.0000000
3.101  0.0000000
3.102  0.0000000
3.103  0.0000000
3.104  0.0000000
3.105  0.0000000
3.106  0.0000000
3.107  0.0000000
3.108  0.0000000
3.109  0.0000000
3.110  0.0000000
3.111  0.0000000
3.112  0.0000000
3.113  0.0000000


