# Solution of radial Schr. equation for   E(v=  5,J=  0) = -11616.2719558
# ----------------------------------------------------------------------------
0.211 -0.0000000
0.212 -0.0000000
0.213 -0.0000000
0.214 -0.0000000
0.215 -0.0000000
0.216 -0.0000000
0.217 -0.0000000
0.218 -0.0000000
0.219 -0.0000000
0.220 -0.0000000
0.221 -0.0000000
0.222 -0.0000000
0.223 -0.0000000
0.224 -0.0000000
0.225 -0.0000000
0.226 -0.0000000
0.227 -0.0000000
0.228 -0.0000000
0.229 -0.0000000
0.230 -0.0000000
0.231 -0.0000000
0.232 -0.0000000
0.233 -0.0000000
0.234 -0.0000000
0.235 -0.0000000
0.236 -0.0000000
0.237 -0.0000000
0.238 -0.0000000
0.239 -0.0000000
0.240 -0.0000000
0.241 -0.0000000
0.242 -0.0000000
0.243 -0.0000000
0.244 -0.0000000
0.245 -0.0000000
0.246 -0.0000000
0.247 -0.0000000
0.248 -0.0000000
0.249 -0.0000000
0.250 -0.0000000
0.251 -0.0000000
0.252 -0.0000000
0.253 -0.0000000
0.254 -0.0000000
0.255 -0.0000000
0.256 -0.0000000
0.257 -0.0000001
0.258 -0.0000001
0.259 -0.0000001
0.260 -0.0000001
0.261 -0.0000001
0.262 -0.0000001
0.263 -0.0000001
0.264 -0.0000001
0.265 -0.0000001
0.266 -0.0000001
0.267 -0.0000001
0.268 -0.0000001
0.269 -0.0000001
0.270 -0.0000001
0.271 -0.0000002
0.272 -0.0000002
0.273 -0.0000002
0.274 -0.0000002
0.275 -0.0000002
0.276 -0.0000002
0.277 -0.0000002
0.278 -0.0000003
0.279 -0.0000003
0.280 -0.0000003
0.281 -0.0000003
0.282 -0.0000003
0.283 -0.0000004
0.284 -0.0000004
0.285 -0.0000004
0.286 -0.0000004
0.287 -0.0000005
0.288 -0.0000005
0.289 -0.0000005
0.290 -0.0000006
0.291 -0.0000006
0.292 -0.0000007
0.293 -0.0000007
0.294 -0.0000008
0.295 -0.0000008
0.296 -0.0000009
0.297 -0.0000009
0.298 -0.0000010
0.299 -0.0000011
0.300 -0.0000011
0.301 -0.0000012
0.302 -0.0000013
0.303 -0.0000014
0.304 -0.0000015
0.305 -0.0000016
0.306 -0.0000017
0.307 -0.0000018
0.308 -0.0000019
0.309 -0.0000020
0.310 -0.0000022
0.311 -0.0000023
0.312 -0.0000025
0.313 -0.0000026
0.314 -0.0000028
0.315 -0.0000030
0.316 -0.0000032
0.317 -0.0000034
0.318 -0.0000036
0.319 -0.0000038
0.320 -0.0000041
0.321 -0.0000043
0.322 -0.0000046
0.323 -0.0000049
0.324 -0.0000052
0.325 -0.0000055
0.326 -0.0000058
0.327 -0.0000062
0.328 -0.0000066
0.329 -0.0000070
0.330 -0.0000074
0.331 -0.0000079
0.332 -0.0000083
0.333 -0.0000088
0.334 -0.0000094
0.335 -0.0000099
0.336 -0.0000105
0.337 -0.0000112
0.338 -0.0000118
0.339 -0.0000125
0.340 -0.0000132
0.341 -0.0000140
0.342 -0.0000148
0.343 -0.0000157
0.344 -0.0000166
0.345 -0.0000176
0.346 -0.0000186
0.347 -0.0000196
0.348 -0.0000208
0.349 -0.0000220
0.350 -0.0000232
0.351 -0.0000245
0.352 -0.0000259
0.353 -0.0000273
0.354 -0.0000289
0.355 -0.0000305
0.356 -0.0000322
0.357 -0.0000339
0.358 -0.0000358
0.359 -0.0000378
0.360 -0.0000398
0.361 -0.0000420
0.362 -0.0000443
0.363 -0.0000467
0.364 -0.0000492
0.365 -0.0000518
0.366 -0.0000546
0.367 -0.0000575
0.368 -0.0000605
0.369 -0.0000637
0.370 -0.0000671
0.371 -0.0000706
0.372 -0.0000743
0.373 -0.0000782
0.374 -0.0000822
0.375 -0.0000865
0.376 -0.0000909
0.377 -0.0000956
0.378 -0.0001005
0.379 -0.0001056
0.380 -0.0001109
0.381 -0.0001166
0.382 -0.0001224
0.383 -0.0001286
0.384 -0.0001350
0.385 -0.0001417
0.386 -0.0001488
0.387 -0.0001561
0.388 -0.0001638
0.389 -0.0001719
0.390 -0.0001803
0.391 -0.0001891
0.392 -0.0001982
0.393 -0.0002078
0.394 -0.0002178
0.395 -0.0002283
0.396 -0.0002392
0.397 -0.0002506
0.398 -0.0002625
0.399 -0.0002750
0.400 -0.0002879
0.401 -0.0003015
0.402 -0.0003156
0.403 -0.0003303
0.404 -0.0003456
0.405 -0.0003616
0.406 -0.0003783
0.407 -0.0003957
0.408 -0.0004138
0.409 -0.0004327
0.410 -0.0004524
0.411 -0.0004729
0.412 -0.0004942
0.413 -0.0005164
0.414 -0.0005395
0.415 -0.0005636
0.416 -0.0005886
0.417 -0.0006147
0.418 -0.0006418
0.419 -0.0006700
0.420 -0.0006994
0.421 -0.0007299
0.422 -0.0007616
0.423 -0.0007946
0.424 -0.0008289
0.425 -0.0008645
0.426 -0.0009015
0.427 -0.0009400
0.428 -0.0009799
0.429 -0.0010214
0.430 -0.0010645
0.431 -0.0011093
0.432 -0.0011557
0.433 -0.0012039
0.434 -0.0012540
0.435 -0.0013059
0.436 -0.0013598
0.437 -0.0014156
0.438 -0.0014736
0.439 -0.0015337
0.440 -0.0015960
0.441 -0.0016606
0.442 -0.0017276
0.443 -0.0017970
0.444 -0.0018689
0.445 -0.0019435
0.446 -0.0020207
0.447 -0.0021006
0.448 -0.0021834
0.449 -0.0022692
0.450 -0.0023580
0.451 -0.0024499
0.452 -0.0025450
0.453 -0.0026434
0.454 -0.0027453
0.455 -0.0028507
0.456 -0.0029597
0.457 -0.0030724
0.458 -0.0031890
0.459 -0.0033096
0.460 -0.0034342
0.461 -0.0035630
0.462 -0.0036962
0.463 -0.0038337
0.464 -0.0039759
0.465 -0.0041228
0.466 -0.0042745
0.467 -0.0044311
0.468 -0.0045929
0.469 -0.0047600
0.470 -0.0049324
0.471 -0.0051104
0.472 -0.0052941
0.473 -0.0054837
0.474 -0.0056793
0.475 -0.0058811
0.476 -0.0060892
0.477 -0.0063039
0.478 -0.0065252
0.479 -0.0067535
0.480 -0.0069887
0.481 -0.0072312
0.482 -0.0074812
0.483 -0.0077388
0.484 -0.0080041
0.485 -0.0082775
0.486 -0.0085591
0.487 -0.0088492
0.488 -0.0091478
0.489 -0.0094553
0.490 -0.0097719
0.491 -0.0100978
0.492 -0.0104332
0.493 -0.0107784
0.494 -0.0111335
0.495 -0.0114989
0.496 -0.0118747
0.497 -0.0122612
0.498 -0.0126588
0.499 -0.0130675
0.500 -0.0134878
0.501 -0.0139197
0.502 -0.0143637
0.503 -0.0148200
0.504 -0.0152889
0.505 -0.0157706
0.506 -0.0162655
0.507 -0.0167738
0.508 -0.0172959
0.509 -0.0178319
0.510 -0.0183823
0.511 -0.0189473
0.512 -0.0195273
0.513 -0.0201226
0.514 -0.0207334
0.515 -0.0213602
0.516 -0.0220032
0.517 -0.0226627
0.518 -0.0233393
0.519 -0.0240330
0.520 -0.0247444
0.521 -0.0254737
0.522 -0.0262214
0.523 -0.0269878
0.524 -0.0277731
0.525 -0.0285779
0.526 -0.0294025
0.527 -0.0302473
0.528 -0.0311125
0.529 -0.0319987
0.530 -0.0329063
0.531 -0.0338355
0.532 -0.0347868
0.533 -0.0357606
0.534 -0.0367574
0.535 -0.0377774
0.536 -0.0388212
0.537 -0.0398891
0.538 -0.0409816
0.539 -0.0420990
0.540 -0.0432418
0.541 -0.0444105
0.542 -0.0456054
0.543 -0.0468270
0.544 -0.0480757
0.545 -0.0493520
0.546 -0.0506563
0.547 -0.0519890
0.548 -0.0533506
0.549 -0.0547416
0.550 -0.0561623
0.551 -0.0576133
0.552 -0.0590950
0.553 -0.0606078
0.554 -0.0621523
0.555 -0.0637288
0.556 -0.0653378
0.557 -0.0669798
0.558 -0.0686553
0.559 -0.0703646
0.560 -0.0721084
0.561 -0.0738870
0.562 -0.0757008
0.563 -0.0775505
0.564 -0.0794364
0.565 -0.0813589
0.566 -0.0833186
0.567 -0.0853159
0.568 -0.0873513
0.569 -0.0894253
0.570 -0.0915382
0.571 -0.0936906
0.572 -0.0958829
0.573 -0.0981155
0.574 -0.1003890
0.575 -0.1027037
0.576 -0.1050601
0.577 -0.1074586
0.578 -0.1098997
0.579 -0.1123839
0.580 -0.1149115
0.581 -0.1174830
0.582 -0.1200988
0.583 -0.1227593
0.584 -0.1254649
0.585 -0.1282161
0.586 -0.1310132
0.587 -0.1338567
0.588 -0.1367469
0.589 -0.1396842
0.590 -0.1426690
0.591 -0.1457017
0.592 -0.1487827
0.593 -0.1519122
0.594 -0.1550907
0.595 -0.1583184
0.596 -0.1615958
0.597 -0.1649231
0.598 -0.1683007
0.599 -0.1717289
0.600 -0.1752079
0.601 -0.1787381
0.602 -0.1823197
0.603 -0.1859530
0.604 -0.1896382
0.605 -0.1933756
0.606 -0.1971654
0.607 -0.2010079
0.608 -0.2049032
0.609 -0.2088516
0.610 -0.2128531
0.611 -0.2169081
0.612 -0.2210166
0.613 -0.2251788
0.614 -0.2293948
0.615 -0.2336647
0.616 -0.2379886
0.617 -0.2423667
0.618 -0.2467988
0.619 -0.2512852
0.620 -0.2558259
0.621 -0.2604207
0.622 -0.2650699
0.623 -0.2697732
0.624 -0.2745308
0.625 -0.2793425
0.626 -0.2842083
0.627 -0.2891280
0.628 -0.2941016
0.629 -0.2991290
0.630 -0.3042099
0.631 -0.3093442
0.632 -0.3145317
0.633 -0.3197723
0.634 -0.3250656
0.635 -0.3304114
0.636 -0.3358094
0.637 -0.3412594
0.638 -0.3467611
0.639 -0.3523140
0.640 -0.3579178
0.641 -0.3635721
0.642 -0.3692765
0.643 -0.3750306
0.644 -0.3808339
0.645 -0.3866860
0.646 -0.3925862
0.647 -0.3985342
0.648 -0.4045293
0.649 -0.4105709
0.650 -0.4166584
0.651 -0.4227913
0.652 -0.4289688
0.653 -0.4351903
0.654 -0.4414550
0.655 -0.4477622
0.656 -0.4541111
0.657 -0.4605011
0.658 -0.4669311
0.659 -0.4734004
0.660 -0.4799082
0.661 -0.4864535
0.662 -0.4930353
0.663 -0.4996529
0.664 -0.5063050
0.665 -0.5129909
0.666 -0.5197093
0.667 -0.5264593
0.668 -0.5332398
0.669 -0.5400496
0.670 -0.5468876
0.671 -0.5537526
0.672 -0.5606434
0.673 -0.5675589
0.674 -0.5744976
0.675 -0.5814584
0.676 -0.5884400
0.677 -0.5954409
0.678 -0.6024599
0.679 -0.6094955
0.680 -0.6165463
0.681 -0.6236108
0.682 -0.6306877
0.683 -0.6377753
0.684 -0.6448722
0.685 -0.6519767
0.686 -0.6590874
0.687 -0.6662025
0.688 -0.6733206
0.689 -0.6804398
0.690 -0.6875585
0.691 -0.6946751
0.692 -0.7017877
0.693 -0.7088946
0.694 -0.7159941
0.695 -0.7230842
0.696 -0.7301633
0.697 -0.7372293
0.698 -0.7442805
0.699 -0.7513150
0.700 -0.7583307
0.701 -0.7653259
0.702 -0.7722984
0.703 -0.7792464
0.704 -0.7861677
0.705 -0.7930605
0.706 -0.7999226
0.707 -0.8067520
0.708 -0.8135465
0.709 -0.8203042
0.710 -0.8270228
0.711 -0.8337002
0.712 -0.8403343
0.713 -0.8469229
0.714 -0.8534639
0.715 -0.8599549
0.716 -0.8663939
0.717 -0.8727786
0.718 -0.8791067
0.719 -0.8853761
0.720 -0.8915844
0.721 -0.8977293
0.722 -0.9038087
0.723 -0.9098202
0.724 -0.9157615
0.725 -0.9216303
0.726 -0.9274243
0.727 -0.9331412
0.728 -0.9387787
0.729 -0.9443344
0.730 -0.9498061
0.731 -0.9551913
0.732 -0.9604878
0.733 -0.9656932
0.734 -0.9708052
0.735 -0.9758214
0.736 -0.9807396
0.737 -0.9855574
0.738 -0.9902724
0.739 -0.9948824
0.740 -0.9993851
0.741 -1.0037781
0.742 -1.0080591
0.743 -1.0122259
0.744 -1.0162762
0.745 -1.0202076
0.746 -1.0240180
0.747 -1.0277050
0.748 -1.0312665
0.749 -1.0347002
0.750 -1.0380040
0.751 -1.0411756
0.752 -1.0442128
0.753 -1.0471135
0.754 -1.0498756
0.755 -1.0524970
0.756 -1.0549755
0.757 -1.0573091
0.758 -1.0594957
0.759 -1.0615333
0.760 -1.0634200
0.761 -1.0651537
0.762 -1.0667324
0.763 -1.0681544
0.764 -1.0694176
0.765 -1.0705202
0.766 -1.0714605
0.767 -1.0722365
0.768 -1.0728466
0.769 -1.0732889
0.770 -1.0735619
0.771 -1.0736639
0.772 -1.0735932
0.773 -1.0733482
0.774 -1.0729275
0.775 -1.0723295
0.776 -1.0715527
0.777 -1.0705958
0.778 -1.0694574
0.779 -1.0681360
0.780 -1.0666305
0.781 -1.0649397
0.782 -1.0630622
0.783 -1.0609970
0.784 -1.0587429
0.785 -1.0562989
0.786 -1.0536641
0.787 -1.0508374
0.788 -1.0478180
0.789 -1.0446050
0.790 -1.0411977
0.791 -1.0375952
0.792 -1.0337970
0.793 -1.0298023
0.794 -1.0256107
0.795 -1.0212216
0.796 -1.0166345
0.797 -1.0118491
0.798 -1.0068651
0.799 -1.0016820
0.800 -0.9962998
0.801 -0.9907183
0.802 -0.9849374
0.803 -0.9789570
0.804 -0.9727772
0.805 -0.9663981
0.806 -0.9598198
0.807 -0.9530426
0.808 -0.9460668
0.809 -0.9388926
0.810 -0.9315206
0.811 -0.9239512
0.812 -0.9161849
0.813 -0.9082224
0.814 -0.9000644
0.815 -0.8917116
0.816 -0.8831649
0.817 -0.8744250
0.818 -0.8654931
0.819 -0.8563700
0.820 -0.8470570
0.821 -0.8375551
0.822 -0.8278656
0.823 -0.8179897
0.824 -0.8079290
0.825 -0.7976847
0.826 -0.7872584
0.827 -0.7766516
0.828 -0.7658661
0.829 -0.7549035
0.830 -0.7437656
0.831 -0.7324542
0.832 -0.7209712
0.833 -0.7093187
0.834 -0.6974987
0.835 -0.6855133
0.836 -0.6733647
0.837 -0.6610551
0.838 -0.6485869
0.839 -0.6359624
0.840 -0.6231841
0.841 -0.6102545
0.842 -0.5971762
0.843 -0.5839518
0.844 -0.5705841
0.845 -0.5570758
0.846 -0.5434297
0.847 -0.5296487
0.848 -0.5157358
0.849 -0.5016941
0.850 -0.4875265
0.851 -0.4732362
0.852 -0.4588264
0.853 -0.4443004
0.854 -0.4296615
0.855 -0.4149130
0.856 -0.4000583
0.857 -0.3851010
0.858 -0.3700445
0.859 -0.3548925
0.860 -0.3396485
0.861 -0.3243162
0.862 -0.3088994
0.863 -0.2934019
0.864 -0.2778274
0.865 -0.2621799
0.866 -0.2464632
0.867 -0.2306813
0.868 -0.2148383
0.869 -0.1989381
0.870 -0.1829849
0.871 -0.1669827
0.872 -0.1509357
0.873 -0.1348481
0.874 -0.1187242
0.875 -0.1025682
0.876 -0.0863844
0.877 -0.0701771
0.878 -0.0539507
0.879 -0.0377096
0.880 -0.0214582
0.881 -0.0052008
0.882  0.0110579
0.883  0.0273137
0.884  0.0435618
0.885  0.0597979
0.886  0.0760174
0.887  0.0922157
0.888  0.1083883
0.889  0.1245306
0.890  0.1406379
0.891  0.1567058
0.892  0.1727295
0.893  0.1887045
0.894  0.2046262
0.895  0.2204898
0.896  0.2362909
0.897  0.2520247
0.898  0.2676867
0.899  0.2832723
0.900  0.2987767
0.901  0.3141954
0.902  0.3295239
0.903  0.3447575
0.904  0.3598916
0.905  0.3749217
0.906  0.3898432
0.907  0.4046516
0.908  0.4193425
0.909  0.4339112
0.910  0.4483534
0.911  0.4626645
0.912  0.4768403
0.913  0.4908762
0.914  0.5047679
0.915  0.5185111
0.916  0.5321015
0.917  0.5455349
0.918  0.5588069
0.919  0.5719134
0.920  0.5848503
0.921  0.5976134
0.922  0.6101987
0.923  0.6226022
0.924  0.6348198
0.925  0.6468476
0.926  0.6586818
0.927  0.6703184
0.928  0.6817539
0.929  0.6929843
0.930  0.7040060
0.931  0.7148155
0.932  0.7254091
0.933  0.7357834
0.934  0.7459348
0.935  0.7558601
0.936  0.7655560
0.937  0.7750191
0.938  0.7842463
0.939  0.7932344
0.940  0.8019805
0.941  0.8104816
0.942  0.8187347
0.943  0.8267371
0.944  0.8344859
0.945  0.8419785
0.946  0.8492123
0.947  0.8561848
0.948  0.8628935
0.949  0.8693360
0.950  0.8755101
0.951  0.8814136
0.952  0.8870443
0.953  0.8924002
0.954  0.8974793
0.955  0.9022799
0.956  0.9068000
0.957  0.9110381
0.958  0.9149925
0.959  0.9186617
0.960  0.9220442
0.961  0.9251388
0.962  0.9279442
0.963  0.9304593
0.964  0.9326830
0.965  0.9346143
0.966  0.9362524
0.967  0.9375965
0.968  0.9386459
0.969  0.9394000
0.970  0.9398584
0.971  0.9400206
0.972  0.9398864
0.973  0.9394556
0.974  0.9387280
0.975  0.9377037
0.976  0.9363827
0.977  0.9347653
0.978  0.9328517
0.979  0.9306424
0.980  0.9281377
0.981  0.9253384
0.982  0.9222450
0.983  0.9188584
0.984  0.9151794
0.985  0.9112091
0.986  0.9069484
0.987  0.9023985
0.988  0.8975608
0.989  0.8924366
0.990  0.8870273
0.991  0.8813345
0.992  0.8753599
0.993  0.8691051
0.994  0.8625722
0.995  0.8557628
0.996  0.8486792
0.997  0.8413235
0.998  0.8336978
0.999  0.8258044
1.000  0.8176458
1.001  0.8092244
1.002  0.8005429
1.003  0.7916038
1.004  0.7824100
1.005  0.7729643
1.006  0.7632696
1.007  0.7533289
1.008  0.7431454
1.009  0.7327222
1.010  0.7220626
1.011  0.7111698
1.012  0.7000475
1.013  0.6886990
1.014  0.6771279
1.015  0.6653379
1.016  0.6533328
1.017  0.6411163
1.018  0.6286923
1.019  0.6160649
1.020  0.6032379
1.021  0.5902155
1.022  0.5770019
1.023  0.5636012
1.024  0.5500179
1.025  0.5362561
1.026  0.5223204
1.027  0.5082153
1.028  0.4939452
1.029  0.4795147
1.030  0.4649286
1.031  0.4501914
1.032  0.4353081
1.033  0.4202833
1.034  0.4051219
1.035  0.3898288
1.036  0.3744090
1.037  0.3588675
1.038  0.3432093
1.039  0.3274394
1.040  0.3115630
1.041  0.2955853
1.042  0.2795114
1.043  0.2633465
1.044  0.2470959
1.045  0.2307649
1.046  0.2143588
1.047  0.1978829
1.048  0.1813425
1.049  0.1647431
1.050  0.1480901
1.051  0.1313889
1.052  0.1146448
1.053  0.0978634
1.054  0.0810502
1.055  0.0642105
1.056  0.0473499
1.057  0.0304739
1.058  0.0135880
1.059 -0.0033023
1.060 -0.0201916
1.061 -0.0370743
1.062 -0.0539449
1.063 -0.0707979
1.064 -0.0876279
1.065 -0.1044294
1.066 -0.1211968
1.067 -0.1379248
1.068 -0.1546079
1.069 -0.1712406
1.070 -0.1878176
1.071 -0.2043335
1.072 -0.2207828
1.073 -0.2371603
1.074 -0.2534606
1.075 -0.2696784
1.076 -0.2858085
1.077 -0.3018456
1.078 -0.3177845
1.079 -0.3336201
1.080 -0.3493472
1.081 -0.3649607
1.082 -0.3804556
1.083 -0.3958268
1.084 -0.4110694
1.085 -0.4261784
1.086 -0.4411490
1.087 -0.4559764
1.088 -0.4706556
1.089 -0.4851821
1.090 -0.4995511
1.091 -0.5137580
1.092 -0.5277982
1.093 -0.5416673
1.094 -0.5553606
1.095 -0.5688740
1.096 -0.5822029
1.097 -0.5953432
1.098 -0.6082907
1.099 -0.6210412
1.100 -0.6335906
1.101 -0.6459349
1.102 -0.6580702
1.103 -0.6699926
1.104 -0.6816984
1.105 -0.6931838
1.106 -0.7044451
1.107 -0.7154789
1.108 -0.7262816
1.109 -0.7368498
1.110 -0.7471802
1.111 -0.7572695
1.112 -0.7671146
1.113 -0.7767123
1.114 -0.7860597
1.115 -0.7951539
1.116 -0.8039920
1.117 -0.8125712
1.118 -0.8208889
1.119 -0.8289426
1.120 -0.8367297
1.121 -0.8442479
1.122 -0.8514948
1.123 -0.8584683
1.124 -0.8651661
1.125 -0.8715863
1.126 -0.8777270
1.127 -0.8835862
1.128 -0.8891623
1.129 -0.8944536
1.130 -0.8994585
1.131 -0.9041755
1.132 -0.9086032
1.133 -0.9127405
1.134 -0.9165861
1.135 -0.9201389
1.136 -0.9233979
1.137 -0.9263622
1.138 -0.9290310
1.139 -0.9314037
1.140 -0.9334796
1.141 -0.9352583
1.142 -0.9367392
1.143 -0.9379221
1.144 -0.9388068
1.145 -0.9393931
1.146 -0.9396811
1.147 -0.9396707
1.148 -0.9393622
1.149 -0.9387558
1.150 -0.9378519
1.151 -0.9366510
1.152 -0.9351535
1.153 -0.9333602
1.154 -0.9312717
1.155 -0.9288890
1.156 -0.9262129
1.157 -0.9232444
1.158 -0.9199848
1.159 -0.9164350
1.160 -0.9125966
1.161 -0.9084708
1.162 -0.9040592
1.163 -0.8993632
1.164 -0.8943846
1.165 -0.8891251
1.166 -0.8835865
1.167 -0.8777708
1.168 -0.8716799
1.169 -0.8653160
1.170 -0.8586812
1.171 -0.8517778
1.172 -0.8446081
1.173 -0.8371745
1.174 -0.8294795
1.175 -0.8215258
1.176 -0.8133159
1.177 -0.8048527
1.178 -0.7961389
1.179 -0.7871774
1.180 -0.7779711
1.181 -0.7685232
1.182 -0.7588367
1.183 -0.7489148
1.184 -0.7387607
1.185 -0.7283778
1.186 -0.7177694
1.187 -0.7069390
1.188 -0.6958902
1.189 -0.6846264
1.190 -0.6731513
1.191 -0.6614687
1.192 -0.6495822
1.193 -0.6374958
1.194 -0.6252132
1.195 -0.6127384
1.196 -0.6000754
1.197 -0.5872283
1.198 -0.5742010
1.199 -0.5609978
1.200 -0.5476228
1.201 -0.5340803
1.202 -0.5203746
1.203 -0.5065098
1.204 -0.4924906
1.205 -0.4783211
1.206 -0.4640059
1.207 -0.4495494
1.208 -0.4349562
1.209 -0.4202309
1.210 -0.4053779
1.211 -0.3904019
1.212 -0.3753076
1.213 -0.3600997
1.214 -0.3447827
1.215 -0.3293616
1.216 -0.3138409
1.217 -0.2982255
1.218 -0.2825202
1.219 -0.2667298
1.220 -0.2508591
1.221 -0.2349129
1.222 -0.2188962
1.223 -0.2028138
1.224 -0.1866705
1.225 -0.1704713
1.226 -0.1542211
1.227 -0.1379248
1.228 -0.1215872
1.229 -0.1052134
1.230 -0.0888082
1.231 -0.0723765
1.232 -0.0559232
1.233 -0.0394534
1.234 -0.0229718
1.235 -0.0064834
1.236  0.0100069
1.237  0.0264943
1.238  0.0429738
1.239  0.0594407
1.240  0.0758899
1.241  0.0923168
1.242  0.1087164
1.243  0.1250841
1.244  0.1414149
1.245  0.1577042
1.246  0.1739472
1.247  0.1901392
1.248  0.2062754
1.249  0.2223513
1.250  0.2383622
1.251  0.2543035
1.252  0.2701705
1.253  0.2859588
1.254  0.3016638
1.255  0.3172811
1.256  0.3328062
1.257  0.3482347
1.258  0.3635622
1.259  0.3787844
1.260  0.3938970
1.261  0.4088958
1.262  0.4237765
1.263  0.4385350
1.264  0.4531672
1.265  0.4676690
1.266  0.4820363
1.267  0.4962652
1.268  0.5103518
1.269  0.5242921
1.270  0.5380824
1.271  0.5517189
1.272  0.5651979
1.273  0.5785156
1.274  0.5916685
1.275  0.6046530
1.276  0.6174657
1.277  0.6301030
1.278  0.6425616
1.279  0.6548382
1.280  0.6669296
1.281  0.6788324
1.282  0.6905436
1.283  0.7020600
1.284  0.7133788
1.285  0.7244968
1.286  0.7354113
1.287  0.7461194
1.288  0.7566183
1.289  0.7669054
1.290  0.7769781
1.291  0.7868337
1.292  0.7964698
1.293  0.8058840
1.294  0.8150739
1.295  0.8240373
1.296  0.8327718
1.297  0.8412755
1.298  0.8495462
1.299  0.8575819
1.300  0.8653806
1.301  0.8729406
1.302  0.8802600
1.303  0.8873372
1.304  0.8941704
1.305  0.9007582
1.306  0.9070989
1.307  0.9131913
1.308  0.9190339
1.309  0.9246254
1.310  0.9299648
1.311  0.9350507
1.312  0.9398822
1.313  0.9444583
1.314  0.9487780
1.315  0.9528406
1.316  0.9566452
1.317  0.9601913
1.318  0.9634780
1.319  0.9665050
1.320  0.9692717
1.321  0.9717778
1.322  0.9740228
1.323  0.9760067
1.324  0.9777290
1.325  0.9791899
1.326  0.9803891
1.327  0.9813268
1.328  0.9820031
1.329  0.9824181
1.330  0.9825721
1.331  0.9824653
1.332  0.9820982
1.333  0.9814713
1.334  0.9805850
1.335  0.9794399
1.336  0.9780367
1.337  0.9763762
1.338  0.9744591
1.339  0.9722862
1.340  0.9698586
1.341  0.9671771
1.342  0.9642429
1.343  0.9610571
1.344  0.9576209
1.345  0.9539355
1.346  0.9500022
1.347  0.9458224
1.348  0.9413976
1.349  0.9367291
1.350  0.9318187
1.351  0.9266679
1.352  0.9212783
1.353  0.9156518
1.354  0.9097901
1.355  0.9036950
1.356  0.8973685
1.357  0.8908125
1.358  0.8840290
1.359  0.8770201
1.360  0.8697879
1.361  0.8623346
1.362  0.8546624
1.363  0.8467736
1.364  0.8386704
1.365  0.8303553
1.366  0.8218307
1.367  0.8130990
1.368  0.8041628
1.369  0.7950246
1.370  0.7856869
1.371  0.7761526
1.372  0.7664241
1.373  0.7565043
1.374  0.7463960
1.375  0.7361018
1.376  0.7256248
1.377  0.7149677
1.378  0.7041335
1.379  0.6931251
1.380  0.6819456
1.381  0.6705979
1.382  0.6590851
1.383  0.6474103
1.384  0.6355766
1.385  0.6235872
1.386  0.6114453
1.387  0.5991540
1.388  0.5867166
1.389  0.5741363
1.390  0.5614166
1.391  0.5485605
1.392  0.5355716
1.393  0.5224531
1.394  0.5092084
1.395  0.4958409
1.396  0.4823541
1.397  0.4687514
1.398  0.4550362
1.399  0.4412120
1.400  0.4272823
1.401  0.4132505
1.402  0.3991203
1.403  0.3848951
1.404  0.3705785
1.405  0.3561739
1.406  0.3416851
1.407  0.3271155
1.408  0.3124686
1.409  0.2977482
1.410  0.2829578
1.411  0.2681009
1.412  0.2531811
1.413  0.2382022
1.414  0.2231676
1.415  0.2080809
1.416  0.1929458
1.417  0.1777659
1.418  0.1625448
1.419  0.1472860
1.420  0.1319931
1.421  0.1166698
1.422  0.1013196
1.423  0.0859461
1.424  0.0705529
1.425  0.0551435
1.426  0.0397214
1.427  0.0242904
1.428  0.0088537
1.429 -0.0065849
1.430 -0.0220221
1.431 -0.0374542
1.432 -0.0528779
1.433 -0.0682896
1.434 -0.0836859
1.435 -0.0990634
1.436 -0.1144187
1.437 -0.1297482
1.438 -0.1450488
1.439 -0.1603169
1.440 -0.1755492
1.441 -0.1907424
1.442 -0.2058933
1.443 -0.2209985
1.444 -0.2360547
1.445 -0.2510588
1.446 -0.2660074
1.447 -0.2808975
1.448 -0.2957258
1.449 -0.3104893
1.450 -0.3251847
1.451 -0.3398091
1.452 -0.3543593
1.453 -0.3688324
1.454 -0.3832252
1.455 -0.3975350
1.456 -0.4117587
1.457 -0.4258933
1.458 -0.4399361
1.459 -0.4538842
1.460 -0.4677348
1.461 -0.4814850
1.462 -0.4951321
1.463 -0.5086735
1.464 -0.5221064
1.465 -0.5354282
1.466 -0.5486362
1.467 -0.5617280
1.468 -0.5747009
1.469 -0.5875524
1.470 -0.6002801
1.471 -0.6128815
1.472 -0.6253543
1.473 -0.6376960
1.474 -0.6499044
1.475 -0.6619772
1.476 -0.6739121
1.477 -0.6857069
1.478 -0.6973595
1.479 -0.7088677
1.480 -0.7202294
1.481 -0.7314427
1.482 -0.7425054
1.483 -0.7534157
1.484 -0.7641716
1.485 -0.7747711
1.486 -0.7852125
1.487 -0.7954940
1.488 -0.8056138
1.489 -0.8155702
1.490 -0.8253614
1.491 -0.8349860
1.492 -0.8444422
1.493 -0.8537285
1.494 -0.8628434
1.495 -0.8717854
1.496 -0.8805532
1.497 -0.8891452
1.498 -0.8975603
1.499 -0.9057970
1.500 -0.9138542
1.501 -0.9217306
1.502 -0.9294250
1.503 -0.9369363
1.504 -0.9442635
1.505 -0.9514054
1.506 -0.9583611
1.507 -0.9651296
1.508 -0.9717101
1.509 -0.9781016
1.510 -0.9843032
1.511 -0.9903143
1.512 -0.9961341
1.513 -1.0017618
1.514 -1.0071968
1.515 -1.0124385
1.516 -1.0174863
1.517 -1.0223396
1.518 -1.0269980
1.519 -1.0314611
1.520 -1.0357283
1.521 -1.0397993
1.522 -1.0436738
1.523 -1.0473515
1.524 -1.0508322
1.525 -1.0541156
1.526 -1.0572015
1.527 -1.0600899
1.528 -1.0627806
1.529 -1.0652736
1.530 -1.0675689
1.531 -1.0696665
1.532 -1.0715665
1.533 -1.0732689
1.534 -1.0747739
1.535 -1.0760818
1.536 -1.0771926
1.537 -1.0781066
1.538 -1.0788243
1.539 -1.0793458
1.540 -1.0796715
1.541 -1.0798018
1.542 -1.0797373
1.543 -1.0794782
1.544 -1.0790252
1.545 -1.0783788
1.546 -1.0775395
1.547 -1.0765080
1.548 -1.0752849
1.549 -1.0738709
1.550 -1.0722666
1.551 -1.0704729
1.552 -1.0684904
1.553 -1.0663201
1.554 -1.0639627
1.555 -1.0614191
1.556 -1.0586902
1.557 -1.0557768
1.558 -1.0526801
1.559 -1.0494010
1.560 -1.0459404
1.561 -1.0422994
1.562 -1.0384791
1.563 -1.0344806
1.564 -1.0303050
1.565 -1.0259535
1.566 -1.0214272
1.567 -1.0167274
1.568 -1.0118553
1.569 -1.0068121
1.570 -1.0015991
1.571 -0.9962176
1.572 -0.9906690
1.573 -0.9849546
1.574 -0.9790758
1.575 -0.9730340
1.576 -0.9668306
1.577 -0.9604670
1.578 -0.9539447
1.579 -0.9472652
1.580 -0.9404300
1.581 -0.9334406
1.582 -0.9262986
1.583 -0.9190055
1.584 -0.9115630
1.585 -0.9039725
1.586 -0.8962357
1.587 -0.8883543
1.588 -0.8803299
1.589 -0.8721642
1.590 -0.8638588
1.591 -0.8554154
1.592 -0.8468359
1.593 -0.8381218
1.594 -0.8292750
1.595 -0.8202971
1.596 -0.8111900
1.597 -0.8019554
1.598 -0.7925952
1.599 -0.7831111
1.600 -0.7735049
1.601 -0.7637785
1.602 -0.7539338
1.603 -0.7439724
1.604 -0.7338965
1.605 -0.7237076
1.606 -0.7134079
1.607 -0.7029991
1.608 -0.6924831
1.609 -0.6818618
1.610 -0.6711372
1.611 -0.6603111
1.612 -0.6493855
1.613 -0.6383622
1.614 -0.6272433
1.615 -0.6160307
1.616 -0.6047262
1.617 -0.5933318
1.618 -0.5818495
1.619 -0.5702813
1.620 -0.5586290
1.621 -0.5468947
1.622 -0.5350802
1.623 -0.5231876
1.624 -0.5112188
1.625 -0.4991757
1.626 -0.4870604
1.627 -0.4748748
1.628 -0.4626208
1.629 -0.4503005
1.630 -0.4379157
1.631 -0.4254684
1.632 -0.4129607
1.633 -0.4003943
1.634 -0.3877714
1.635 -0.3750938
1.636 -0.3623635
1.637 -0.3495824
1.638 -0.3367525
1.639 -0.3238757
1.640 -0.3109539
1.641 -0.2979891
1.642 -0.2849832
1.643 -0.2719381
1.644 -0.2588557
1.645 -0.2457379
1.646 -0.2325866
1.647 -0.2194037
1.648 -0.2061912
1.649 -0.1929507
1.650 -0.1796843
1.651 -0.1663938
1.652 -0.1530811
1.653 -0.1397479
1.654 -0.1263962
1.655 -0.1130277
1.656 -0.0996443
1.657 -0.0862478
1.658 -0.0728399
1.659 -0.0594226
1.660 -0.0459975
1.661 -0.0325664
1.662 -0.0191311
1.663 -0.0056933
1.664  0.0077452
1.665  0.0211827
1.666  0.0346175
1.667  0.0480479
1.668  0.0614721
1.669  0.0748887
1.670  0.0882957
1.671  0.1016917
1.672  0.1150750
1.673  0.1284438
1.674  0.1417968
1.675  0.1551321
1.676  0.1684482
1.677  0.1817437
1.678  0.1950168
1.679  0.2082660
1.680  0.2214899
1.681  0.2346869
1.682  0.2478555
1.683  0.2609942
1.684  0.2741015
1.685  0.2871761
1.686  0.3002163
1.687  0.3132208
1.688  0.3261883
1.689  0.3391172
1.690  0.3520062
1.691  0.3648540
1.692  0.3776592
1.693  0.3904204
1.694  0.4031363
1.695  0.4158056
1.696  0.4284271
1.697  0.4409995
1.698  0.4535215
1.699  0.4659918
1.700  0.4784093
1.701  0.4907727
1.702  0.5030808
1.703  0.5153325
1.704  0.5275267
1.705  0.5396621
1.706  0.5517376
1.707  0.5637522
1.708  0.5757048
1.709  0.5875942
1.710  0.5994195
1.711  0.6111795
1.712  0.6228733
1.713  0.6344998
1.714  0.6460581
1.715  0.6575472
1.716  0.6689661
1.717  0.6803139
1.718  0.6915897
1.719  0.7027926
1.720  0.7139216
1.721  0.7249760
1.722  0.7359548
1.723  0.7468573
1.724  0.7576825
1.725  0.7684298
1.726  0.7790983
1.727  0.7896872
1.728  0.8001958
1.729  0.8106234
1.730  0.8209693
1.731  0.8312326
1.732  0.8414129
1.733  0.8515094
1.734  0.8615214
1.735  0.8714483
1.736  0.8812895
1.737  0.8910444
1.738  0.9007124
1.739  0.9102930
1.740  0.9197855
1.741  0.9291896
1.742  0.9385045
1.743  0.9477299
1.744  0.9568653
1.745  0.9659101
1.746  0.9748640
1.747  0.9837264
1.748  0.9924970
1.749  1.0011754
1.750  1.0097612
1.751  1.0182539
1.752  1.0266533
1.753  1.0349590
1.754  1.0431706
1.755  1.0512879
1.756  1.0593105
1.757  1.0672382
1.758  1.0750707
1.759  1.0828078
1.760  1.0904491
1.761  1.0979946
1.762  1.1054439
1.763  1.1127969
1.764  1.1200533
1.765  1.1272132
1.766  1.1342762
1.767  1.1412422
1.768  1.1481112
1.769  1.1548829
1.770  1.1615574
1.771  1.1681345
1.772  1.1746141
1.773  1.1809963
1.774  1.1872809
1.775  1.1934679
1.776  1.1995574
1.777  1.2055492
1.778  1.2114435
1.779  1.2172402
1.780  1.2229393
1.781  1.2285410
1.782  1.2340453
1.783  1.2394522
1.784  1.2447618
1.785  1.2499742
1.786  1.2550896
1.787  1.2601080
1.788  1.2650296
1.789  1.2698545
1.790  1.2745828
1.791  1.2792148
1.792  1.2837506
1.793  1.2881904
1.794  1.2925343
1.795  1.2967827
1.796  1.3009356
1.797  1.3049933
1.798  1.3089562
1.799  1.3128243
1.800  1.3165980
1.801  1.3202775
1.802  1.3238631
1.803  1.3273551
1.804  1.3307538
1.805  1.3340595
1.806  1.3372725
1.807  1.3403931
1.808  1.3434217
1.809  1.3463585
1.810  1.3492040
1.811  1.3519584
1.812  1.3546223
1.813  1.3571958
1.814  1.3596795
1.815  1.3620736
1.816  1.3643786
1.817  1.3665949
1.818  1.3687229
1.819  1.3707631
1.820  1.3727157
1.821  1.3745814
1.822  1.3763604
1.823  1.3780533
1.824  1.3796605
1.825  1.3811825
1.826  1.3826197
1.827  1.3839726
1.828  1.3852416
1.829  1.3864273
1.830  1.3875302
1.831  1.3885507
1.832  1.3894893
1.833  1.3903466
1.834  1.3911230
1.835  1.3918190
1.836  1.3924353
1.837  1.3929722
1.838  1.3934304
1.839  1.3938104
1.840  1.3941126
1.841  1.3943377
1.842  1.3944862
1.843  1.3945587
1.844  1.3945556
1.845  1.3944776
1.846  1.3943253
1.847  1.3940991
1.848  1.3937997
1.849  1.3934276
1.850  1.3929835
1.851  1.3924678
1.852  1.3918812
1.853  1.3912242
1.854  1.3904975
1.855  1.3897016
1.856  1.3888372
1.857  1.3879048
1.858  1.3869050
1.859  1.3858384
1.860  1.3847057
1.861  1.3835073
1.862  1.3822441
1.863  1.3809165
1.864  1.3795251
1.865  1.3780706
1.866  1.3765536
1.867  1.3749747
1.868  1.3733345
1.869  1.3716336
1.870  1.3698727
1.871  1.3680523
1.872  1.3661732
1.873  1.3642358
1.874  1.3622409
1.875  1.3601891
1.876  1.3580809
1.877  1.3559170
1.878  1.3536981
1.879  1.3514247
1.880  1.3490974
1.881  1.3467170
1.882  1.3442840
1.883  1.3417990
1.884  1.3392627
1.885  1.3366757
1.886  1.3340387
1.887  1.3313521
1.888  1.3286167
1.889  1.3258331
1.890  1.3230019
1.891  1.3201238
1.892  1.3171993
1.893  1.3142290
1.894  1.3112136
1.895  1.3081537
1.896  1.3050500
1.897  1.3019029
1.898  1.2987133
1.899  1.2954815
1.900  1.2922083
1.901  1.2888943
1.902  1.2855401
1.903  1.2821462
1.904  1.2787134
1.905  1.2752421
1.906  1.2717330
1.907  1.2681868
1.908  1.2646039
1.909  1.2609850
1.910  1.2573306
1.911  1.2536414
1.912  1.2499180
1.913  1.2461609
1.914  1.2423708
1.915  1.2385481
1.916  1.2346935
1.917  1.2308076
1.918  1.2268910
1.919  1.2229441
1.920  1.2189676
1.921  1.2149621
1.922  1.2109281
1.923  1.2068661
1.924  1.2027768
1.925  1.1986606
1.926  1.1945182
1.927  1.1903501
1.928  1.1861569
1.929  1.1819390
1.930  1.1776970
1.931  1.1734315
1.932  1.1691430
1.933  1.1648320
1.934  1.1604991
1.935  1.1561448
1.936  1.1517696
1.937  1.1473740
1.938  1.1429586
1.939  1.1385238
1.940  1.1340702
1.941  1.1295983
1.942  1.1251085
1.943  1.1206014
1.944  1.1160776
1.945  1.1115373
1.946  1.1069813
1.947  1.1024099
1.948  1.0978236
1.949  1.0932229
1.950  1.0886083
1.951  1.0839803
1.952  1.0793393
1.953  1.0746858
1.954  1.0700202
1.955  1.0653431
1.956  1.0606548
1.957  1.0559558
1.958  1.0512466
1.959  1.0465276
1.960  1.0417993
1.961  1.0370620
1.962  1.0323163
1.963  1.0275624
1.964  1.0228010
1.965  1.0180323
1.966  1.0132568
1.967  1.0084750
1.968  1.0036872
1.969  0.9988938
1.970  0.9940952
1.971  0.9892919
1.972  0.9844842
1.973  0.9796725
1.974  0.9748572
1.975  0.9700387
1.976  0.9652174
1.977  0.9603936
1.978  0.9555677
1.979  0.9507402
1.980  0.9459112
1.981  0.9410813
1.982  0.9362507
1.983  0.9314198
1.984  0.9265890
1.985  0.9217586
1.986  0.9169289
1.987  0.9121004
1.988  0.9072732
1.989  0.9024478
1.990  0.8976245
1.991  0.8928035
1.992  0.8879853
1.993  0.8831701
1.994  0.8783582
1.995  0.8735500
1.996  0.8687458
1.997  0.8639457
1.998  0.8591503
1.999  0.8543596
2.000  0.8495741
2.001  0.8447940
2.002  0.8400196
2.003  0.8352512
2.004  0.8304890
2.005  0.8257333
2.006  0.8209844
2.007  0.8162425
2.008  0.8115080
2.009  0.8067810
2.010  0.8020618
2.011  0.7973506
2.012  0.7926478
2.013  0.7879535
2.014  0.7832679
2.015  0.7785914
2.016  0.7739242
2.017  0.7692664
2.018  0.7646183
2.019  0.7599801
2.020  0.7553520
2.021  0.7507344
2.022  0.7461272
2.023  0.7415308
2.024  0.7369454
2.025  0.7323712
2.026  0.7278083
2.027  0.7232570
2.028  0.7187174
2.029  0.7141898
2.030  0.7096742
2.031  0.7051710
2.032  0.7006803
2.033  0.6962022
2.034  0.6917369
2.035  0.6872846
2.036  0.6828454
2.037  0.6784196
2.038  0.6740073
2.039  0.6696085
2.040  0.6652236
2.041  0.6608526
2.042  0.6564956
2.043  0.6521529
2.044  0.6478245
2.045  0.6435106
2.046  0.6392114
2.047  0.6349269
2.048  0.6306573
2.049  0.6264027
2.050  0.6221632
2.051  0.6179390
2.052  0.6137302
2.053  0.6095368
2.054  0.6053591
2.055  0.6011971
2.056  0.5970509
2.057  0.5929206
2.058  0.5888063
2.059  0.5847081
2.060  0.5806262
2.061  0.5765605
2.062  0.5725113
2.063  0.5684785
2.064  0.5644623
2.065  0.5604628
2.066  0.5564800
2.067  0.5525140
2.068  0.5485648
2.069  0.5446327
2.070  0.5407176
2.071  0.5368195
2.072  0.5329387
2.073  0.5290750
2.074  0.5252287
2.075  0.5213996
2.076  0.5175880
2.077  0.5137939
2.078  0.5100173
2.079  0.5062582
2.080  0.5025167
2.081  0.4987929
2.082  0.4950868
2.083  0.4913984
2.084  0.4877279
2.085  0.4840751
2.086  0.4804402
2.087  0.4768231
2.088  0.4732240
2.089  0.4696429
2.090  0.4660797
2.091  0.4625345
2.092  0.4590073
2.093  0.4554982
2.094  0.4520072
2.095  0.4485342
2.096  0.4450793
2.097  0.4416426
2.098  0.4382240
2.099  0.4348235
2.100  0.4314412
2.101  0.4280770
2.102  0.4247310
2.103  0.4214032
2.104  0.4180935
2.105  0.4148020
2.106  0.4115287
2.107  0.4082736
2.108  0.4050366
2.109  0.4018178
2.110  0.3986172
2.111  0.3954347
2.112  0.3922703
2.113  0.3891240
2.114  0.3859959
2.115  0.3828859
2.116  0.3797940
2.117  0.3767201
2.118  0.3736643
2.119  0.3706265
2.120  0.3676068
2.121  0.3646050
2.122  0.3616212
2.123  0.3586554
2.124  0.3557075
2.125  0.3527774
2.126  0.3498652
2.127  0.3469709
2.128  0.3440944
2.129  0.3412356
2.130  0.3383946
2.131  0.3355714
2.132  0.3327657
2.133  0.3299778
2.134  0.3272074
2.135  0.3244546
2.136  0.3217193
2.137  0.3190015
2.138  0.3163012
2.139  0.3136183
2.140  0.3109527
2.141  0.3083044
2.142  0.3056735
2.143  0.3030597
2.144  0.3004632
2.145  0.2978838
2.146  0.2953215
2.147  0.2927762
2.148  0.2902479
2.149  0.2877366
2.150  0.2852421
2.151  0.2827646
2.152  0.2803037
2.153  0.2778597
2.154  0.2754323
2.155  0.2730215
2.156  0.2706274
2.157  0.2682497
2.158  0.2658885
2.159  0.2635437
2.160  0.2612153
2.161  0.2589031
2.162  0.2566072
2.163  0.2543275
2.164  0.2520638
2.165  0.2498162
2.166  0.2475847
2.167  0.2453690
2.168  0.2431692
2.169  0.2409852
2.170  0.2388170
2.171  0.2366644
2.172  0.2345275
2.173  0.2324061
2.174  0.2303002
2.175  0.2282097
2.176  0.2261346
2.177  0.2240747
2.178  0.2220301
2.179  0.2200007
2.180  0.2179863
2.181  0.2159870
2.182  0.2140026
2.183  0.2120331
2.184  0.2100785
2.185  0.2081386
2.186  0.2062133
2.187  0.2043027
2.188  0.2024067
2.189  0.2005251
2.190  0.1986579
2.191  0.1968050
2.192  0.1949665
2.193  0.1931421
2.194  0.1913318
2.195  0.1895356
2.196  0.1877534
2.197  0.1859851
2.198  0.1842306
2.199  0.1824899
2.200  0.1807629
2.201  0.1790495
2.202  0.1773497
2.203  0.1756634
2.204  0.1739905
2.205  0.1723309
2.206  0.1706846
2.207  0.1690514
2.208  0.1674314
2.209  0.1658245
2.210  0.1642305
2.211  0.1626494
2.212  0.1610812
2.213  0.1595257
2.214  0.1579829
2.215  0.1564527
2.216  0.1549351
2.217  0.1534299
2.218  0.1519372
2.219  0.1504567
2.220  0.1489885
2.221  0.1475325
2.222  0.1460886
2.223  0.1446567
2.224  0.1432368
2.225  0.1418287
2.226  0.1404325
2.227  0.1390481
2.228  0.1376753
2.229  0.1363141
2.230  0.1349644
2.231  0.1336262
2.232  0.1322994
2.233  0.1309839
2.234  0.1296796
2.235  0.1283865
2.236  0.1271045
2.237  0.1258335
2.238  0.1245735
2.239  0.1233243
2.240  0.1220860
2.241  0.1208584
2.242  0.1196415
2.243  0.1184352
2.244  0.1172394
2.245  0.1160541
2.246  0.1148792
2.247  0.1137146
2.248  0.1125603
2.249  0.1114161
2.250  0.1102821
2.251  0.1091581
2.252  0.1080440
2.253  0.1069399
2.254  0.1058456
2.255  0.1047611
2.256  0.1036863
2.257  0.1026212
2.258  0.1015656
2.259  0.1005195
2.260  0.0994828
2.261  0.0984555
2.262  0.0974375
2.263  0.0964288
2.264  0.0954292
2.265  0.0944387
2.266  0.0934572
2.267  0.0924847
2.268  0.0915211
2.269  0.0905664
2.270  0.0896204
2.271  0.0886831
2.272  0.0877545
2.273  0.0868345
2.274  0.0859230
2.275  0.0850199
2.276  0.0841252
2.277  0.0832389
2.278  0.0823608
2.279  0.0814910
2.280  0.0806292
2.281  0.0797756
2.282  0.0789299
2.283  0.0780923
2.284  0.0772625
2.285  0.0764405
2.286  0.0756264
2.287  0.0748199
2.288  0.0740211
2.289  0.0732299
2.290  0.0724462
2.291  0.0716700
2.292  0.0709012
2.293  0.0701398
2.294  0.0693857
2.295  0.0686388
2.296  0.0678991
2.297  0.0671665
2.298  0.0664410
2.299  0.0657225
2.300  0.0650110
2.301  0.0643064
2.302  0.0636086
2.303  0.0629176
2.304  0.0622333
2.305  0.0615558
2.306  0.0608848
2.307  0.0602204
2.308  0.0595626
2.309  0.0589111
2.310  0.0582662
2.311  0.0576275
2.312  0.0569952
2.313  0.0563691
2.314  0.0557492
2.315  0.0551355
2.316  0.0545278
2.317  0.0539262
2.318  0.0533306
2.319  0.0527409
2.320  0.0521572
2.321  0.0515792
2.322  0.0510071
2.323  0.0504407
2.324  0.0498800
2.325  0.0493249
2.326  0.0487754
2.327  0.0482315
2.328  0.0476931
2.329  0.0471601
2.330  0.0466326
2.331  0.0461104
2.332  0.0455935
2.333  0.0450818
2.334  0.0445754
2.335  0.0440742
2.336  0.0435781
2.337  0.0430870
2.338  0.0426010
2.339  0.0421200
2.340  0.0416439
2.341  0.0411728
2.342  0.0407065
2.343  0.0402450
2.344  0.0397883
2.345  0.0393363
2.346  0.0388890
2.347  0.0384464
2.348  0.0380083
2.349  0.0375748
2.350  0.0371459
2.351  0.0367214
2.352  0.0363014
2.353  0.0358857
2.354  0.0354744
2.355  0.0350674
2.356  0.0346647
2.357  0.0342663
2.358  0.0338720
2.359  0.0334819
2.360  0.0330959
2.361  0.0327141
2.362  0.0323362
2.363  0.0319624
2.364  0.0315925
2.365  0.0312265
2.366  0.0308645
2.367  0.0305063
2.368  0.0301520
2.369  0.0298014
2.370  0.0294546
2.371  0.0291115
2.372  0.0287720
2.373  0.0284363
2.374  0.0281041
2.375  0.0277755
2.376  0.0274505
2.377  0.0271289
2.378  0.0268109
2.379  0.0264962
2.380  0.0261850
2.381  0.0258772
2.382  0.0255727
2.383  0.0252715
2.384  0.0249736
2.385  0.0246790
2.386  0.0243875
2.387  0.0240993
2.388  0.0238141
2.389  0.0235322
2.390  0.0232533
2.391  0.0229774
2.392  0.0227046
2.393  0.0224348
2.394  0.0221680
2.395  0.0219041
2.396  0.0216432
2.397  0.0213851
2.398  0.0211298
2.399  0.0208774
2.400  0.0206278
2.401  0.0203810
2.402  0.0201369
2.403  0.0198955
2.404  0.0196569
2.405  0.0194208
2.406  0.0191875
2.407  0.0189567
2.408  0.0187285
2.409  0.0185028
2.410  0.0182797
2.411  0.0180591
2.412  0.0178410
2.413  0.0176253
2.414  0.0174121
2.415  0.0172013
2.416  0.0169928
2.417  0.0167867
2.418  0.0165830
2.419  0.0163815
2.420  0.0161823
2.421  0.0159854
2.422  0.0157907
2.423  0.0155983
2.424  0.0154080
2.425  0.0152199
2.426  0.0150339
2.427  0.0148501
2.428  0.0146683
2.429  0.0144887
2.430  0.0143111
2.431  0.0141355
2.432  0.0139620
2.433  0.0137904
2.434  0.0136209
2.435  0.0134532
2.436  0.0132876
2.437  0.0131238
2.438  0.0129619
2.439  0.0128019
2.440  0.0126437
2.441  0.0124874
2.442  0.0123329
2.443  0.0121801
2.444  0.0120292
2.445  0.0118800
2.446  0.0117325
2.447  0.0115868
2.448  0.0114428
2.449  0.0113004
2.450  0.0111597
2.451  0.0110207
2.452  0.0108832
2.453  0.0107474
2.454  0.0106132
2.455  0.0104806
2.456  0.0103495
2.457  0.0102200
2.458  0.0100919
2.459  0.0099654
2.460  0.0098404
2.461  0.0097169
2.462  0.0095948
2.463  0.0094742
2.464  0.0093550
2.465  0.0092372
2.466  0.0091208
2.467  0.0090058
2.468  0.0088922
2.469  0.0087799
2.470  0.0086689
2.471  0.0085593
2.472  0.0084510
2.473  0.0083440
2.474  0.0082382
2.475  0.0081337
2.476  0.0080305
2.477  0.0079285
2.478  0.0078277
2.479  0.0077282
2.480  0.0076298
2.481  0.0075326
2.482  0.0074366
2.483  0.0073418
2.484  0.0072481
2.485  0.0071555
2.486  0.0070640
2.487  0.0069737
2.488  0.0068844
2.489  0.0067962
2.490  0.0067091
2.491  0.0066231
2.492  0.0065381
2.493  0.0064541
2.494  0.0063712
2.495  0.0062892
2.496  0.0062083
2.497  0.0061283
2.498  0.0060493
2.499  0.0059713
2.500  0.0058943
2.501  0.0058181
2.502  0.0057430
2.503  0.0056687
2.504  0.0055953
2.505  0.0055229
2.506  0.0054513
2.507  0.0053806
2.508  0.0053108
2.509  0.0052419
2.510  0.0051738
2.511  0.0051065
2.512  0.0050401
2.513  0.0049745
2.514  0.0049097
2.515  0.0048457
2.516  0.0047825
2.517  0.0047201
2.518  0.0046584
2.519  0.0045976
2.520  0.0045374
2.521  0.0044781
2.522  0.0044194
2.523  0.0043615
2.524  0.0043043
2.525  0.0042479
2.526  0.0041921
2.527  0.0041370
2.528  0.0040827
2.529  0.0040290
2.530  0.0039759
2.531  0.0039236
2.532  0.0038719
2.533  0.0038208
2.534  0.0037704
2.535  0.0037206
2.536  0.0036715
2.537  0.0036230
2.538  0.0035750
2.539  0.0035277
2.540  0.0034810
2.541  0.0034349
2.542  0.0033893
2.543  0.0033444
2.544  0.0033000
2.545  0.0032561
2.546  0.0032129
2.547  0.0031701
2.548  0.0031279
2.549  0.0030863
2.550  0.0030452
2.551  0.0030046
2.552  0.0029645
2.553  0.0029249
2.554  0.0028859
2.555  0.0028473
2.556  0.0028092
2.557  0.0027716
2.558  0.0027345
2.559  0.0026979
2.560  0.0026617
2.561  0.0026260
2.562  0.0025908
2.563  0.0025560
2.564  0.0025217
2.565  0.0024878
2.566  0.0024543
2.567  0.0024213
2.568  0.0023887
2.569  0.0023565
2.570  0.0023247
2.571  0.0022933
2.572  0.0022624
2.573  0.0022318
2.574  0.0022017
2.575  0.0021719
2.576  0.0021425
2.577  0.0021135
2.578  0.0020849
2.579  0.0020566
2.580  0.0020288
2.581  0.0020012
2.582  0.0019741
2.583  0.0019472
2.584  0.0019208
2.585  0.0018947
2.586  0.0018689
2.587  0.0018434
2.588  0.0018183
2.589  0.0017936
2.590  0.0017691
2.591  0.0017450
2.592  0.0017211
2.593  0.0016976
2.594  0.0016744
2.595  0.0016515
2.596  0.0016290
2.597  0.0016067
2.598  0.0015847
2.599  0.0015629
2.600  0.0015415
2.601  0.0015204
2.602  0.0014995
2.603  0.0014789
2.604  0.0014586
2.605  0.0014385
2.606  0.0014187
2.607  0.0013992
2.608  0.0013800
2.609  0.0013609
2.610  0.0013422
2.611  0.0013237
2.612  0.0013054
2.613  0.0012874
2.614  0.0012696
2.615  0.0012521
2.616  0.0012347
2.617  0.0012177
2.618  0.0012008
2.619  0.0011842
2.620  0.0011678
2.621  0.0011516
2.622  0.0011356
2.623  0.0011198
2.624  0.0011043
2.625  0.0010890
2.626  0.0010738
2.627  0.0010589
2.628  0.0010442
2.629  0.0010296
2.630  0.0010153
2.631  0.0010011
2.632  0.0009872
2.633  0.0009734
2.634  0.0009598
2.635  0.0009464
2.636  0.0009332
2.637  0.0009202
2.638  0.0009073
2.639  0.0008946
2.640  0.0008821
2.641  0.0008697
2.642  0.0008575
2.643  0.0008455
2.644  0.0008337
2.645  0.0008220
2.646  0.0008104
2.647  0.0007990
2.648  0.0007878
2.649  0.0007767
2.650  0.0007658
2.651  0.0007550
2.652  0.0007444
2.653  0.0007339
2.654  0.0007236
2.655  0.0007134
2.656  0.0007033
2.657  0.0006934
2.658  0.0006836
2.659  0.0006739
2.660  0.0006644
2.661  0.0006550
2.662  0.0006457
2.663  0.0006366
2.664  0.0006276
2.665  0.0006187
2.666  0.0006099
2.667  0.0006013
2.668  0.0005927
2.669  0.0005843
2.670  0.0005760
2.671  0.0005678
2.672  0.0005598
2.673  0.0005518
2.674  0.0005439
2.675  0.0005362
2.676  0.0005286
2.677  0.0005210
2.678  0.0005136
2.679  0.0005063
2.680  0.0004991
2.681  0.0004919
2.682  0.0004849
2.683  0.0004780
2.684  0.0004712
2.685  0.0004644
2.686  0.0004578
2.687  0.0004512
2.688  0.0004448
2.689  0.0004384
2.690  0.0004321
2.691  0.0004259
2.692  0.0004198
2.693  0.0004138
2.694  0.0004078
2.695  0.0004020
2.696  0.0003962
2.697  0.0003905
2.698  0.0003849
2.699  0.0003793
2.700  0.0003739
2.701  0.0003685
2.702  0.0003632
2.703  0.0003580
2.704  0.0003528
2.705  0.0003477
2.706  0.0003427
2.707  0.0003377
2.708  0.0003329
2.709  0.0003280
2.710  0.0003233
2.711  0.0003186
2.712  0.0003140
2.713  0.0003095
2.714  0.0003050
2.715  0.0003006
2.716  0.0002962
2.717  0.0002919
2.718  0.0002877
2.719  0.0002835
2.720  0.0002794
2.721  0.0002753
2.722  0.0002713
2.723  0.0002674
2.724  0.0002635
2.725  0.0002597
2.726  0.0002559
2.727  0.0002521
2.728  0.0002485
2.729  0.0002449
2.730  0.0002413
2.731  0.0002378
2.732  0.0002343
2.733  0.0002309
2.734  0.0002275
2.735  0.0002242
2.736  0.0002209
2.737  0.0002177
2.738  0.0002145
2.739  0.0002113
2.740  0.0002082
2.741  0.0002052
2.742  0.0002022
2.743  0.0001992
2.744  0.0001963
2.745  0.0001934
2.746  0.0001906
2.747  0.0001878
2.748  0.0001850
2.749  0.0001823
2.750  0.0001796
2.751  0.0001770
2.752  0.0001744
2.753  0.0001718
2.754  0.0001693
2.755  0.0001668
2.756  0.0001643
2.757  0.0001619
2.758  0.0001595
2.759  0.0001572
2.760  0.0001548
2.761  0.0001526
2.762  0.0001503
2.763  0.0001481
2.764  0.0001459
2.765  0.0001437
2.766  0.0001416
2.767  0.0001395
2.768  0.0001375
2.769  0.0001354
2.770  0.0001334
2.771  0.0001314
2.772  0.0001295
2.773  0.0001276
2.774  0.0001257
2.775  0.0001238
2.776  0.0001220
2.777  0.0001202
2.778  0.0001184
2.779  0.0001166
2.780  0.0001149
2.781  0.0001132
2.782  0.0001115
2.783  0.0001098
2.784  0.0001082
2.785  0.0001066
2.786  0.0001050
2.787  0.0001034
2.788  0.0001019
2.789  0.0001004
2.790  0.0000989
2.791  0.0000974
2.792  0.0000959
2.793  0.0000945
2.794  0.0000931
2.795  0.0000917
2.796  0.0000903
2.797  0.0000890
2.798  0.0000876
2.799  0.0000863
2.800  0.0000850
2.801  0.0000838
2.802  0.0000825
2.803  0.0000813
2.804  0.0000800
2.805  0.0000788
2.806  0.0000777
2.807  0.0000765
2.808  0.0000753
2.809  0.0000742
2.810  0.0000731
2.811  0.0000720
2.812  0.0000709
2.813  0.0000698
2.814  0.0000688
2.815  0.0000678
2.816  0.0000667
2.817  0.0000657
2.818  0.0000647
2.819  0.0000638
2.820  0.0000628
2.821  0.0000618
2.822  0.0000609
2.823  0.0000600
2.824  0.0000591
2.825  0.0000582
2.826  0.0000573
2.827  0.0000564
2.828  0.0000556
2.829  0.0000548
2.830  0.0000539
2.831  0.0000531
2.832  0.0000523
2.833  0.0000515
2.834  0.0000507
2.835  0.0000500
2.836  0.0000492
2.837  0.0000485
2.838  0.0000477
2.839  0.0000470
2.840  0.0000463
2.841  0.0000456
2.842  0.0000449
2.843  0.0000442
2.844  0.0000435
2.845  0.0000429
2.846  0.0000422
2.847  0.0000416
2.848  0.0000409
2.849  0.0000403
2.850  0.0000397
2.851  0.0000391
2.852  0.0000385
2.853  0.0000379
2.854  0.0000373
2.855  0.0000368
2.856  0.0000362
2.857  0.0000356
2.858  0.0000351
2.859  0.0000346
2.860  0.0000340
2.861  0.0000335
2.862  0.0000330
2.863  0.0000325
2.864  0.0000320
2.865  0.0000315
2.866  0.0000310
2.867  0.0000305
2.868  0.0000301
2.869  0.0000296
2.870  0.0000292
2.871  0.0000287
2.872  0.0000283
2.873  0.0000278
2.874  0.0000274
2.875  0.0000270
2.876  0.0000266
2.877  0.0000262
2.878  0.0000258
2.879  0.0000254
2.880  0.0000250
2.881  0.0000246
2.882  0.0000242
2.883  0.0000238
2.884  0.0000235
2.885  0.0000231
2.886  0.0000228
2.887  0.0000224
2.888  0.0000221
2.889  0.0000217
2.890  0.0000214
2.891  0.0000211
2.892  0.0000207
2.893  0.0000204
2.894  0.0000201
2.895  0.0000198
2.896  0.0000195
2.897  0.0000192
2.898  0.0000189
2.899  0.0000186
2.900  0.0000183
2.901  0.0000180
2.902  0.0000177
2.903  0.0000175
2.904  0.0000172
2.905  0.0000169
2.906  0.0000167
2.907  0.0000164
2.908  0.0000161
2.909  0.0000159
2.910  0.0000157
2.911  0.0000154
2.912  0.0000152
2.913  0.0000149
2.914  0.0000147
2.915  0.0000145
2.916  0.0000142
2.917  0.0000140
2.918  0.0000138
2.919  0.0000136
2.920  0.0000134
2.921  0.0000132
2.922  0.0000130
2.923  0.0000128
2.924  0.0000126
2.925  0.0000124
2.926  0.0000122
2.927  0.0000120
2.928  0.0000118
2.929  0.0000116
2.930  0.0000114
2.931  0.0000113
2.932  0.0000111
2.933  0.0000109
2.934  0.0000107
2.935  0.0000106
2.936  0.0000104
2.937  0.0000102
2.938  0.0000101
2.939  0.0000099
2.940  0.0000098
2.941  0.0000096
2.942  0.0000095
2.943  0.0000093
2.944  0.0000092
2.945  0.0000090
2.946  0.0000089
2.947  0.0000087
2.948  0.0000086
2.949  0.0000085
2.950  0.0000083
2.951  0.0000082
2.952  0.0000081
2.953  0.0000079
2.954  0.0000078
2.955  0.0000077
2.956  0.0000076
2.957  0.0000075
2.958  0.0000073
2.959  0.0000072
2.960  0.0000071
2.961  0.0000070
2.962  0.0000069
2.963  0.0000068
2.964  0.0000067
2.965  0.0000066
2.966  0.0000065
2.967  0.0000064
2.968  0.0000063
2.969  0.0000062
2.970  0.0000061
2.971  0.0000060
2.972  0.0000059
2.973  0.0000058
2.974  0.0000057
2.975  0.0000056
2.976  0.0000055
2.977  0.0000054
2.978  0.0000053
2.979  0.0000053
2.980  0.0000052
2.981  0.0000051
2.982  0.0000050
2.983  0.0000049
2.984  0.0000049
2.985  0.0000048
2.986  0.0000047
2.987  0.0000046
2.988  0.0000046
2.989  0.0000045
2.990  0.0000044
2.991  0.0000043
2.992  0.0000043
2.993  0.0000042
2.994  0.0000041
2.995  0.0000041
2.996  0.0000040
2.997  0.0000039
2.998  0.0000039
2.999  0.0000038
3.000  0.0000038
3.001  0.0000037
3.002  0.0000036
3.003  0.0000036
3.004  0.0000035
3.005  0.0000035
3.006  0.0000034
3.007  0.0000034
3.008  0.0000033
3.009  0.0000033
3.010  0.0000032
3.011  0.0000031
3.012  0.0000031
3.013  0.0000030
3.014  0.0000030
3.015  0.0000030
3.016  0.0000029
3.017  0.0000029
3.018  0.0000028
3.019  0.0000028
3.020  0.0000027
3.021  0.0000027
3.022  0.0000026
3.023  0.0000026
3.024  0.0000026
3.025  0.0000025
3.026  0.0000025
3.027  0.0000024
3.028  0.0000024
3.029  0.0000024
3.030  0.0000023
3.031  0.0000023
3.032  0.0000022
3.033  0.0000022
3.034  0.0000022
3.035  0.0000021
3.036  0.0000021
3.037  0.0000021
3.038  0.0000020
3.039  0.0000020
3.040  0.0000020
3.041  0.0000019
3.042  0.0000019
3.043  0.0000019
3.044  0.0000018
3.045  0.0000018
3.046  0.0000018
3.047  0.0000018
3.048  0.0000017
3.049  0.0000017
3.050  0.0000017
3.051  0.0000016
3.052  0.0000016
3.053  0.0000016
3.054  0.0000016
3.055  0.0000015
3.056  0.0000015
3.057  0.0000015
3.058  0.0000015
3.059  0.0000014
3.060  0.0000014
3.061  0.0000014
3.062  0.0000014
3.063  0.0000014
3.064  0.0000013
3.065  0.0000013
3.066  0.0000013
3.067  0.0000013
3.068  0.0000013
3.069  0.0000012
3.070  0.0000012
3.071  0.0000012
3.072  0.0000012
3.073  0.0000012
3.074  0.0000011
3.075  0.0000011
3.076  0.0000011
3.077  0.0000011
3.078  0.0000011
3.079  0.0000010
3.080  0.0000010
3.081  0.0000010
3.082  0.0000010
3.083  0.0000010
3.084  0.0000010
3.085  0.0000009
3.086  0.0000009
3.087  0.0000009
3.088  0.0000009
3.089  0.0000009
3.090  0.0000009
3.091  0.0000009
3.092  0.0000008
3.093  0.0000008
3.094  0.0000008
3.095  0.0000008
3.096  0.0000008
3.097  0.0000008
3.098  0.0000008
3.099  0.0000008
3.100  0.0000007
3.101  0.0000007
3.102  0.0000007
3.103  0.0000007
3.104  0.0000007
3.105  0.0000007
3.106  0.0000007
3.107  0.0000007
3.108  0.0000006
3.109  0.0000006
3.110  0.0000006
3.111  0.0000006
3.112  0.0000006
3.113  0.0000006
3.114  0.0000006
3.115  0.0000006
3.116  0.0000006
3.117  0.0000006
3.118  0.0000006
3.119  0.0000005
3.120  0.0000005
3.121  0.0000005
3.122  0.0000005
3.123  0.0000005
3.124  0.0000005
3.125  0.0000005
3.126  0.0000005
3.127  0.0000005
3.128  0.0000005
3.129  0.0000005
3.130  0.0000005
3.131  0.0000004
3.132  0.0000004
3.133  0.0000004
3.134  0.0000004
3.135  0.0000004
3.136  0.0000004
3.137  0.0000004
3.138  0.0000004
3.139  0.0000004
3.140  0.0000004
3.141  0.0000004
3.142  0.0000004
3.143  0.0000004
3.144  0.0000004
3.145  0.0000004
3.146  0.0000003
3.147  0.0000003
3.148  0.0000003
3.149  0.0000003
3.150  0.0000003
3.151  0.0000003
3.152  0.0000003
3.153  0.0000003
3.154  0.0000003
3.155  0.0000003
3.156  0.0000003
3.157  0.0000003
3.158  0.0000003
3.159  0.0000003
3.160  0.0000003
3.161  0.0000003
3.162  0.0000003
3.163  0.0000003
3.164  0.0000003
3.165  0.0000003
3.166  0.0000002
3.167  0.0000002
3.168  0.0000002
3.169  0.0000002
3.170  0.0000002
3.171  0.0000002
3.172  0.0000002
3.173  0.0000002
3.174  0.0000002
3.175  0.0000002
3.176  0.0000002
3.177  0.0000002
3.178  0.0000002
3.179  0.0000002
3.180  0.0000002
3.181  0.0000002
3.182  0.0000002
3.183  0.0000002
3.184  0.0000002
3.185  0.0000002
3.186  0.0000002
3.187  0.0000002
3.188  0.0000002
3.189  0.0000002
3.190  0.0000002
3.191  0.0000002
3.192  0.0000002
3.193  0.0000002
3.194  0.0000002
3.195  0.0000002
3.196  0.0000002
3.197  0.0000001
3.198  0.0000001
3.199  0.0000001
3.200  0.0000001
3.201  0.0000001
3.202  0.0000001
3.203  0.0000001
3.204  0.0000001
3.205  0.0000001
3.206  0.0000001
3.207  0.0000001
3.208  0.0000001
3.209  0.0000001
3.210  0.0000001
3.211  0.0000001
3.212  0.0000001
3.213  0.0000001
3.214  0.0000001
3.215  0.0000001
3.216  0.0000001
3.217  0.0000001
3.218  0.0000001
3.219  0.0000001
3.220  0.0000001
3.221  0.0000001
3.222  0.0000001
3.223  0.0000001
3.224  0.0000001
3.225  0.0000001
3.226  0.0000001
3.227  0.0000001
3.228  0.0000001
3.229  0.0000001
3.230  0.0000001
3.231  0.0000001
3.232  0.0000001
3.233  0.0000001
3.234  0.0000001
3.235  0.0000001
3.236  0.0000001
3.237  0.0000001
3.238  0.0000001
3.239  0.0000001
3.240  0.0000001
3.241  0.0000001
3.242  0.0000001
3.243  0.0000001
3.244  0.0000001
3.245  0.0000001
3.246  0.0000001
3.247  0.0000001
3.248  0.0000001
3.249  0.0000001
3.250  0.0000001
3.251  0.0000001
3.252  0.0000001
3.253  0.0000001
3.254  0.0000001
3.255  0.0000001
3.256  0.0000001
3.257  0.0000001
3.258  0.0000001
3.259  0.0000001
3.260  0.0000001
3.261  0.0000001
3.262  0.0000000
3.263  0.0000000
3.264  0.0000000
3.265  0.0000000
3.266  0.0000000
3.267  0.0000000
3.268  0.0000000
3.269  0.0000000
3.270  0.0000000
3.271  0.0000000
3.272  0.0000000
3.273  0.0000000
3.274  0.0000000
3.275  0.0000000
3.276  0.0000000
3.277  0.0000000
3.278  0.0000000
3.279  0.0000000
3.280  0.0000000
3.281  0.0000000
3.282  0.0000000
3.283  0.0000000
3.284  0.0000000
3.285  0.0000000
3.286  0.0000000
3.287  0.0000000
3.288  0.0000000
3.289  0.0000000
3.290  0.0000000
3.291  0.0000000
3.292  0.0000000
3.293  0.0000000
3.294  0.0000000
3.295  0.0000000
3.296  0.0000000
3.297  0.0000000
3.298  0.0000000
3.299  0.0000000
3.300  0.0000000
3.301  0.0000000
3.302  0.0000000
3.303  0.0000000
3.304  0.0000000
3.305  0.0000000
3.306  0.0000000
3.307  0.0000000
3.308  0.0000000
3.309  0.0000000
3.310  0.0000000
3.311  0.0000000
3.312  0.0000000
3.313  0.0000000
3.314  0.0000000
3.315  0.0000000
3.316  0.0000000
3.317  0.0000000
3.318  0.0000000
3.319  0.0000000
3.320  0.0000000
3.321  0.0000000
3.322  0.0000000
3.323  0.0000000
3.324  0.0000000
3.325  0.0000000
3.326  0.0000000
3.327  0.0000000
3.328  0.0000000
3.329  0.0000000
3.330  0.0000000
3.331  0.0000000
3.332  0.0000000
3.333  0.0000000
3.334  0.0000000
3.335  0.0000000
3.336  0.0000000
3.337  0.0000000
3.338  0.0000000
3.339  0.0000000
3.340  0.0000000
3.341  0.0000000
3.342  0.0000000
3.343  0.0000000
3.344  0.0000000
3.345  0.0000000
3.346  0.0000000
3.347  0.0000000
3.348  0.0000000
3.349  0.0000000
3.350  0.0000000
3.351  0.0000000
3.352  0.0000000
3.353  0.0000000
3.354  0.0000000
3.355  0.0000000
3.356  0.0000000
3.357  0.0000000
3.358  0.0000000
3.359  0.0000000
3.360  0.0000000
3.361  0.0000000
3.362  0.0000000
3.363  0.0000000
3.364  0.0000000
3.365  0.0000000
3.366  0.0000000
3.367  0.0000000
3.368  0.0000000
3.369  0.0000000
3.370  0.0000000
3.371  0.0000000
3.372  0.0000000
3.373  0.0000000
3.374  0.0000000
3.375  0.0000000
3.376  0.0000000
3.377  0.0000000
3.378  0.0000000
3.379  0.0000000
3.380  0.0000000
3.381  0.0000000
3.382  0.0000000
3.383  0.0000000
3.384  0.0000000
3.385  0.0000000
3.386  0.0000000
3.387  0.0000000
3.388  0.0000000
3.389  0.0000000
3.390  0.0000000
3.391  0.0000000
3.392  0.0000000
3.393  0.0000000
3.394  0.0000000
3.395  0.0000000
3.396  0.0000000
3.397  0.0000000
3.398  0.0000000
3.399  0.0000000
3.400  0.0000000
3.401  0.0000000
3.402  0.0000000
3.403  0.0000000
3.404  0.0000000
3.405  0.0000000
3.406  0.0000000
3.407  0.0000000
3.408  0.0000000
3.409  0.0000000
3.410  0.0000000
3.411  0.0000000
3.412  0.0000000
3.413  0.0000000
3.414  0.0000000
3.415  0.0000000
3.416  0.0000000
3.417  0.0000000
3.418  0.0000000
3.419  0.0000000
3.420  0.0000000
3.421  0.0000000
3.422  0.0000000
3.423  0.0000000
3.424  0.0000000
3.425  0.0000000
3.426  0.0000000
3.427  0.0000000
3.428  0.0000000
3.429  0.0000000
3.430  0.0000000
3.431  0.0000000
3.432  0.0000000
3.433  0.0000000
3.434  0.0000000
3.435  0.0000000
3.436  0.0000000
3.437  0.0000000
3.438  0.0000000
3.439  0.0000000
3.440  0.0000000
3.441  0.0000000
3.442  0.0000000
3.443  0.0000000
3.444  0.0000000
3.445  0.0000000
3.446  0.0000000
3.447  0.0000000
3.448  0.0000000
3.449  0.0000000
3.450  0.0000000
3.451  0.0000000
3.452  0.0000000
3.453  0.0000000
3.454  0.0000000
3.455  0.0000000
3.456  0.0000000
3.457  0.0000000
3.458  0.0000000
3.459  0.0000000
3.460  0.0000000
3.461  0.0000000
3.462  0.0000000
3.463  0.0000000
3.464  0.0000000
3.465  0.0000000
3.466  0.0000000
3.467  0.0000000
3.468  0.0000000
3.469  0.0000000
3.470  0.0000000
3.471  0.0000000
3.472  0.0000000
3.473  0.0000000
3.474  0.0000000
3.475  0.0000000
3.476  0.0000000
3.477  0.0000000
3.478  0.0000000
3.479  0.0000000
3.480  0.0000000
3.481  0.0000000
3.482  0.0000000
3.483  0.0000000
3.484  0.0000000
3.485  0.0000000
3.486  0.0000000
3.487  0.0000000
3.488  0.0000000
3.489  0.0000000
3.490  0.0000000


