# Solution of radial Schr. equation for   E(v=  6,J=  0) = -10014.9248414
# ----------------------------------------------------------------------------
0.207  0.0000000
0.208  0.0000000
0.209  0.0000000
0.210  0.0000000
0.211  0.0000000
0.212  0.0000000
0.213  0.0000000
0.214  0.0000000
0.215  0.0000000
0.216  0.0000000
0.217  0.0000000
0.218  0.0000000
0.219  0.0000000
0.220  0.0000000
0.221  0.0000000
0.222  0.0000000
0.223  0.0000000
0.224  0.0000000
0.225  0.0000000
0.226  0.0000000
0.227  0.0000000
0.228  0.0000000
0.229  0.0000000
0.230  0.0000000
0.231  0.0000000
0.232  0.0000000
0.233  0.0000000
0.234  0.0000000
0.235  0.0000000
0.236  0.0000000
0.237  0.0000000
0.238  0.0000000
0.239  0.0000000
0.240  0.0000000
0.241  0.0000000
0.242  0.0000000
0.243  0.0000000
0.244  0.0000000
0.245  0.0000000
0.246  0.0000000
0.247  0.0000000
0.248  0.0000000
0.249  0.0000000
0.250  0.0000000
0.251  0.0000001
0.252  0.0000001
0.253  0.0000001
0.254  0.0000001
0.255  0.0000001
0.256  0.0000001
0.257  0.0000001
0.258  0.0000001
0.259  0.0000001
0.260  0.0000001
0.261  0.0000001
0.262  0.0000001
0.263  0.0000001
0.264  0.0000001
0.265  0.0000002
0.266  0.0000002
0.267  0.0000002
0.268  0.0000002
0.269  0.0000002
0.270  0.0000002
0.271  0.0000002
0.272  0.0000003
0.273  0.0000003
0.274  0.0000003
0.275  0.0000003
0.276  0.0000003
0.277  0.0000004
0.278  0.0000004
0.279  0.0000004
0.280  0.0000005
0.281  0.0000005
0.282  0.0000005
0.283  0.0000006
0.284  0.0000006
0.285  0.0000006
0.286  0.0000007
0.287  0.0000007
0.288  0.0000008
0.289  0.0000008
0.290  0.0000009
0.291  0.0000010
0.292  0.0000010
0.293  0.0000011
0.294  0.0000012
0.295  0.0000013
0.296  0.0000014
0.297  0.0000015
0.298  0.0000016
0.299  0.0000017
0.300  0.0000018
0.301  0.0000019
0.302  0.0000020
0.303  0.0000022
0.304  0.0000023
0.305  0.0000024
0.306  0.0000026
0.307  0.0000028
0.308  0.0000030
0.309  0.0000032
0.310  0.0000034
0.311  0.0000036
0.312  0.0000038
0.313  0.0000041
0.314  0.0000043
0.315  0.0000046
0.316  0.0000049
0.317  0.0000052
0.318  0.0000055
0.319  0.0000059
0.320  0.0000063
0.321  0.0000067
0.322  0.0000071
0.323  0.0000075
0.324  0.0000080
0.325  0.0000085
0.326  0.0000090
0.327  0.0000095
0.328  0.0000101
0.329  0.0000107
0.330  0.0000114
0.331  0.0000121
0.332  0.0000128
0.333  0.0000136
0.334  0.0000144
0.335  0.0000152
0.336  0.0000161
0.337  0.0000171
0.338  0.0000181
0.339  0.0000192
0.340  0.0000203
0.341  0.0000215
0.342  0.0000227
0.343  0.0000240
0.344  0.0000254
0.345  0.0000269
0.346  0.0000284
0.347  0.0000300
0.348  0.0000317
0.349  0.0000335
0.350  0.0000354
0.351  0.0000374
0.352  0.0000394
0.353  0.0000416
0.354  0.0000439
0.355  0.0000464
0.356  0.0000489
0.357  0.0000516
0.358  0.0000544
0.359  0.0000574
0.360  0.0000605
0.361  0.0000637
0.362  0.0000672
0.363  0.0000708
0.364  0.0000745
0.365  0.0000785
0.366  0.0000826
0.367  0.0000870
0.368  0.0000916
0.369  0.0000964
0.370  0.0001014
0.371  0.0001067
0.372  0.0001122
0.373  0.0001180
0.374  0.0001241
0.375  0.0001304
0.376  0.0001371
0.377  0.0001440
0.378  0.0001513
0.379  0.0001590
0.380  0.0001669
0.381  0.0001753
0.382  0.0001840
0.383  0.0001932
0.384  0.0002028
0.385  0.0002128
0.386  0.0002232
0.387  0.0002341
0.388  0.0002456
0.389  0.0002575
0.390  0.0002700
0.391  0.0002830
0.392  0.0002966
0.393  0.0003108
0.394  0.0003256
0.395  0.0003411
0.396  0.0003572
0.397  0.0003741
0.398  0.0003916
0.399  0.0004100
0.400  0.0004291
0.401  0.0004490
0.402  0.0004698
0.403  0.0004915
0.404  0.0005140
0.405  0.0005376
0.406  0.0005621
0.407  0.0005876
0.408  0.0006142
0.409  0.0006418
0.410  0.0006707
0.411  0.0007007
0.412  0.0007319
0.413  0.0007644
0.414  0.0007982
0.415  0.0008333
0.416  0.0008699
0.417  0.0009080
0.418  0.0009475
0.419  0.0009886
0.420  0.0010314
0.421  0.0010758
0.422  0.0011219
0.423  0.0011699
0.424  0.0012197
0.425  0.0012714
0.426  0.0013251
0.427  0.0013809
0.428  0.0014388
0.429  0.0014989
0.430  0.0015612
0.431  0.0016260
0.432  0.0016931
0.433  0.0017627
0.434  0.0018349
0.435  0.0019098
0.436  0.0019875
0.437  0.0020680
0.438  0.0021514
0.439  0.0022378
0.440  0.0023274
0.441  0.0024202
0.442  0.0025164
0.443  0.0026159
0.444  0.0027190
0.445  0.0028258
0.446  0.0029363
0.447  0.0030507
0.448  0.0031691
0.449  0.0032916
0.450  0.0034183
0.451  0.0035494
0.452  0.0036850
0.453  0.0038252
0.454  0.0039701
0.455  0.0041200
0.456  0.0042749
0.457  0.0044351
0.458  0.0046005
0.459  0.0047715
0.460  0.0049481
0.461  0.0051305
0.462  0.0053188
0.463  0.0055134
0.464  0.0057142
0.465  0.0059215
0.466  0.0061355
0.467  0.0063563
0.468  0.0065842
0.469  0.0068193
0.470  0.0070618
0.471  0.0073119
0.472  0.0075698
0.473  0.0078357
0.474  0.0081099
0.475  0.0083925
0.476  0.0086838
0.477  0.0089840
0.478  0.0092933
0.479  0.0096119
0.480  0.0099401
0.481  0.0102781
0.482  0.0106262
0.483  0.0109846
0.484  0.0113536
0.485  0.0117334
0.486  0.0121242
0.487  0.0125265
0.488  0.0129403
0.489  0.0133661
0.490  0.0138040
0.491  0.0142544
0.492  0.0147175
0.493  0.0151937
0.494  0.0156833
0.495  0.0161865
0.496  0.0167037
0.497  0.0172351
0.498  0.0177812
0.499  0.0183421
0.500  0.0189183
0.501  0.0195101
0.502  0.0201178
0.503  0.0207418
0.504  0.0213823
0.505  0.0220398
0.506  0.0227146
0.507  0.0234071
0.508  0.0241177
0.509  0.0248466
0.510  0.0255943
0.511  0.0263612
0.512  0.0271476
0.513  0.0279539
0.514  0.0287806
0.515  0.0296279
0.516  0.0304964
0.517  0.0313864
0.518  0.0322984
0.519  0.0332327
0.520  0.0341897
0.521  0.0351699
0.522  0.0361738
0.523  0.0372016
0.524  0.0382540
0.525  0.0393312
0.526  0.0404338
0.527  0.0415622
0.528  0.0427168
0.529  0.0438981
0.530  0.0451066
0.531  0.0463426
0.532  0.0476067
0.533  0.0488993
0.534  0.0502208
0.535  0.0515719
0.536  0.0529528
0.537  0.0543641
0.538  0.0558063
0.539  0.0572798
0.540  0.0587851
0.541  0.0603228
0.542  0.0618932
0.543  0.0634968
0.544  0.0651342
0.545  0.0668058
0.546  0.0685121
0.547  0.0702536
0.548  0.0720308
0.549  0.0738442
0.550  0.0756942
0.551  0.0775813
0.552  0.0795061
0.553  0.0814689
0.554  0.0834703
0.555  0.0855108
0.556  0.0875909
0.557  0.0897110
0.558  0.0918715
0.559  0.0940731
0.560  0.0963161
0.561  0.0986010
0.562  0.1009283
0.563  0.1032985
0.564  0.1057119
0.565  0.1081692
0.566  0.1106706
0.567  0.1132167
0.568  0.1158079
0.569  0.1184447
0.570  0.1211274
0.571  0.1238565
0.572  0.1266325
0.573  0.1294557
0.574  0.1323265
0.575  0.1352454
0.576  0.1382127
0.577  0.1412288
0.578  0.1442942
0.579  0.1474091
0.580  0.1505739
0.581  0.1537891
0.582  0.1570548
0.583  0.1603716
0.584  0.1637396
0.585  0.1671592
0.586  0.1706307
0.587  0.1741544
0.588  0.1777305
0.589  0.1813594
0.590  0.1850413
0.591  0.1887764
0.592  0.1925650
0.593  0.1964072
0.594  0.2003034
0.595  0.2042535
0.596  0.2082580
0.597  0.2123168
0.598  0.2164301
0.599  0.2205982
0.600  0.2248210
0.601  0.2290986
0.602  0.2334312
0.603  0.2378188
0.604  0.2422615
0.605  0.2467592
0.606  0.2513120
0.607  0.2559199
0.608  0.2605828
0.609  0.2653006
0.610  0.2700734
0.611  0.2749009
0.612  0.2797832
0.613  0.2847200
0.614  0.2897113
0.615  0.2947567
0.616  0.2998562
0.617  0.3050094
0.618  0.3102163
0.619  0.3154764
0.620  0.3207895
0.621  0.3261552
0.622  0.3315733
0.623  0.3370434
0.624  0.3425650
0.625  0.3481378
0.626  0.3537613
0.627  0.3594351
0.628  0.3651586
0.629  0.3709313
0.630  0.3767527
0.631  0.3826222
0.632  0.3885392
0.633  0.3945030
0.634  0.4005131
0.635  0.4065687
0.636  0.4126691
0.637  0.4188136
0.638  0.4250014
0.639  0.4312317
0.640  0.4375036
0.641  0.4438164
0.642  0.4501691
0.643  0.4565607
0.644  0.4629904
0.645  0.4694572
0.646  0.4759601
0.647  0.4824980
0.648  0.4890698
0.649  0.4956745
0.650  0.5023109
0.651  0.5089778
0.652  0.5156742
0.653  0.5223987
0.654  0.5291501
0.655  0.5359271
0.656  0.5427284
0.657  0.5495527
0.658  0.5563985
0.659  0.5632646
0.660  0.5701494
0.661  0.5770514
0.662  0.5839693
0.663  0.5909014
0.664  0.5978461
0.665  0.6048020
0.666  0.6117674
0.667  0.6187407
0.668  0.6257201
0.669  0.6327040
0.670  0.6396907
0.671  0.6466783
0.672  0.6536651
0.673  0.6606492
0.674  0.6676290
0.675  0.6746023
0.676  0.6815674
0.677  0.6885224
0.678  0.6954652
0.679  0.7023939
0.680  0.7093065
0.681  0.7162010
0.682  0.7230753
0.683  0.7299273
0.684  0.7367550
0.685  0.7435562
0.686  0.7503287
0.687  0.7570704
0.688  0.7637792
0.689  0.7704527
0.690  0.7770888
0.691  0.7836852
0.692  0.7902397
0.693  0.7967499
0.694  0.8032135
0.695  0.8096283
0.696  0.8159918
0.697  0.8223018
0.698  0.8285558
0.699  0.8347516
0.700  0.8408865
0.701  0.8469584
0.702  0.8529647
0.703  0.8589030
0.704  0.8647709
0.705  0.8705659
0.706  0.8762856
0.707  0.8819274
0.708  0.8874890
0.709  0.8929678
0.710  0.8983613
0.711  0.9036672
0.712  0.9088828
0.713  0.9140056
0.714  0.9190333
0.715  0.9239632
0.716  0.9287930
0.717  0.9335200
0.718  0.9381419
0.719  0.9426562
0.720  0.9470603
0.721  0.9513518
0.722  0.9555282
0.723  0.9595871
0.724  0.9635260
0.725  0.9673426
0.726  0.9710343
0.727  0.9745988
0.728  0.9780336
0.729  0.9813365
0.730  0.9845050
0.731  0.9875368
0.732  0.9904295
0.733  0.9931810
0.734  0.9957888
0.735  0.9982507
0.736  1.0005645
0.737  1.0027279
0.738  1.0047389
0.739  1.0065951
0.740  1.0082945
0.741  1.0098351
0.742  1.0112146
0.743  1.0124311
0.744  1.0134826
0.745  1.0143671
0.746  1.0150826
0.747  1.0156273
0.748  1.0159992
0.749  1.0161967
0.750  1.0162178
0.751  1.0160609
0.752  1.0157243
0.753  1.0152062
0.754  1.0145051
0.755  1.0136195
0.756  1.0125477
0.757  1.0112884
0.758  1.0098401
0.759  1.0082014
0.760  1.0063711
0.761  1.0043478
0.762  1.0021303
0.763  0.9997176
0.764  0.9971084
0.765  0.9943018
0.766  0.9912967
0.767  0.9880922
0.768  0.9846875
0.769  0.9810818
0.770  0.9772742
0.771  0.9732641
0.772  0.9690510
0.773  0.9646341
0.774  0.9600131
0.775  0.9551875
0.776  0.9501570
0.777  0.9449212
0.778  0.9394799
0.779  0.9338330
0.780  0.9279804
0.781  0.9219221
0.782  0.9156581
0.783  0.9091886
0.784  0.9025136
0.785  0.8956337
0.786  0.8885489
0.787  0.8812599
0.788  0.8737671
0.789  0.8660709
0.790  0.8581722
0.791  0.8500716
0.792  0.8417699
0.793  0.8332679
0.794  0.8245667
0.795  0.8156672
0.796  0.8065706
0.797  0.7972780
0.798  0.7877906
0.799  0.7781099
0.800  0.7682372
0.801  0.7581741
0.802  0.7479220
0.803  0.7374827
0.804  0.7268578
0.805  0.7160492
0.806  0.7050588
0.807  0.6938885
0.808  0.6825403
0.809  0.6710164
0.810  0.6593189
0.811  0.6474502
0.812  0.6354125
0.813  0.6232083
0.814  0.6108401
0.815  0.5983105
0.816  0.5856221
0.817  0.5727776
0.818  0.5597798
0.819  0.5466317
0.820  0.5333361
0.821  0.5198960
0.822  0.5063146
0.823  0.4925951
0.824  0.4787405
0.825  0.4647543
0.826  0.4506398
0.827  0.4364005
0.828  0.4220398
0.829  0.4075613
0.830  0.3929686
0.831  0.3782655
0.832  0.3634557
0.833  0.3485430
0.834  0.3335312
0.835  0.3184245
0.836  0.3032267
0.837  0.2879419
0.838  0.2725741
0.839  0.2571277
0.840  0.2416068
0.841  0.2260157
0.842  0.2103586
0.843  0.1946401
0.844  0.1788644
0.845  0.1630361
0.846  0.1471597
0.847  0.1312397
0.848  0.1152807
0.849  0.0992874
0.850  0.0832645
0.851  0.0672166
0.852  0.0511486
0.853  0.0350651
0.854  0.0189710
0.855  0.0028712
0.856 -0.0132295
0.857 -0.0293261
0.858 -0.0454138
0.859 -0.0614876
0.860 -0.0775425
0.861 -0.0935735
0.862 -0.1095757
0.863 -0.1255440
0.864 -0.1414733
0.865 -0.1573587
0.866 -0.1731950
0.867 -0.1889772
0.868 -0.2047002
0.869 -0.2203590
0.870 -0.2359485
0.871 -0.2514635
0.872 -0.2668991
0.873 -0.2822501
0.874 -0.2975116
0.875 -0.3126783
0.876 -0.3277453
0.877 -0.3427076
0.878 -0.3575601
0.879 -0.3722978
0.880 -0.3869157
0.881 -0.4014090
0.882 -0.4157725
0.883 -0.4300015
0.884 -0.4440911
0.885 -0.4580363
0.886 -0.4718324
0.887 -0.4854745
0.888 -0.4989579
0.889 -0.5122778
0.890 -0.5254297
0.891 -0.5384088
0.892 -0.5512106
0.893 -0.5638304
0.894 -0.5762639
0.895 -0.5885065
0.896 -0.6005538
0.897 -0.6124015
0.898 -0.6240453
0.899 -0.6354809
0.900 -0.6467042
0.901 -0.6577111
0.902 -0.6684975
0.903 -0.6790594
0.904 -0.6893929
0.905 -0.6994941
0.906 -0.7093593
0.907 -0.7189847
0.908 -0.7283668
0.909 -0.7375019
0.910 -0.7463866
0.911 -0.7550174
0.912 -0.7633911
0.913 -0.7715044
0.914 -0.7793542
0.915 -0.7869374
0.916 -0.7942509
0.917 -0.8012920
0.918 -0.8080578
0.919 -0.8145455
0.920 -0.8207527
0.921 -0.8266767
0.922 -0.8323152
0.923 -0.8376657
0.924 -0.8427261
0.925 -0.8474942
0.926 -0.8519681
0.927 -0.8561457
0.928 -0.8600252
0.929 -0.8636050
0.930 -0.8668834
0.931 -0.8698588
0.932 -0.8725300
0.933 -0.8748955
0.934 -0.8769543
0.935 -0.8787051
0.936 -0.8801472
0.937 -0.8812795
0.938 -0.8821014
0.939 -0.8826122
0.940 -0.8828114
0.941 -0.8826986
0.942 -0.8822735
0.943 -0.8815359
0.944 -0.8804858
0.945 -0.8791232
0.946 -0.8774483
0.947 -0.8754613
0.948 -0.8731628
0.949 -0.8705530
0.950 -0.8676328
0.951 -0.8644029
0.952 -0.8608641
0.953 -0.8570173
0.954 -0.8528638
0.955 -0.8484047
0.956 -0.8436412
0.957 -0.8385750
0.958 -0.8332075
0.959 -0.8275404
0.960 -0.8215755
0.961 -0.8153147
0.962 -0.8087599
0.963 -0.8019134
0.964 -0.7947774
0.965 -0.7873542
0.966 -0.7796462
0.967 -0.7716561
0.968 -0.7633866
0.969 -0.7548403
0.970 -0.7460203
0.971 -0.7369295
0.972 -0.7275710
0.973 -0.7179480
0.974 -0.7080639
0.975 -0.6979221
0.976 -0.6875260
0.977 -0.6768794
0.978 -0.6659859
0.979 -0.6548494
0.980 -0.6434737
0.981 -0.6318630
0.982 -0.6200211
0.983 -0.6079525
0.984 -0.5956613
0.985 -0.5831519
0.986 -0.5704288
0.987 -0.5574966
0.988 -0.5443598
0.989 -0.5310232
0.990 -0.5174915
0.991 -0.5037696
0.992 -0.4898626
0.993 -0.4757753
0.994 -0.4615129
0.995 -0.4470806
0.996 -0.4324836
0.997 -0.4177272
0.998 -0.4028168
0.999 -0.3877577
1.000 -0.3725555
1.001 -0.3572158
1.002 -0.3417441
1.003 -0.3261462
1.004 -0.3104276
1.005 -0.2945943
1.006 -0.2786519
1.007 -0.2626065
1.008 -0.2464637
1.009 -0.2302297
1.010 -0.2139104
1.011 -0.1975118
1.012 -0.1810400
1.013 -0.1645010
1.014 -0.1479009
1.015 -0.1312460
1.016 -0.1145423
1.017 -0.0977961
1.018 -0.0810136
1.019 -0.0642010
1.020 -0.0473645
1.021 -0.0305104
1.022 -0.0136450
1.023  0.0032256
1.024  0.0200949
1.025  0.0369567
1.026  0.0538048
1.027  0.0706329
1.028  0.0874346
1.029  0.1042038
1.030  0.1209342
1.031  0.1376194
1.032  0.1542534
1.033  0.1708299
1.034  0.1873427
1.035  0.2037857
1.036  0.2201526
1.037  0.2364374
1.038  0.2526340
1.039  0.2687363
1.040  0.2847384
1.041  0.3006342
1.042  0.3164177
1.043  0.3320832
1.044  0.3476247
1.045  0.3630363
1.046  0.3783124
1.047  0.3934473
1.048  0.4084352
1.049  0.4232706
1.050  0.4379478
1.051  0.4524615
1.052  0.4668062
1.053  0.4809764
1.054  0.4949671
1.055  0.5087728
1.056  0.5223884
1.057  0.5358089
1.058  0.5490291
1.059  0.5620443
1.060  0.5748495
1.061  0.5874400
1.062  0.5998110
1.063  0.6119579
1.064  0.6238762
1.065  0.6355615
1.066  0.6470094
1.067  0.6582156
1.068  0.6691760
1.069  0.6798865
1.070  0.6903430
1.071  0.7005418
1.072  0.7104791
1.073  0.7201511
1.074  0.7295542
1.075  0.7386850
1.076  0.7475402
1.077  0.7561163
1.078  0.7644103
1.079  0.7724191
1.080  0.7801398
1.081  0.7875694
1.082  0.7947054
1.083  0.8015450
1.084  0.8080857
1.085  0.8143253
1.086  0.8202613
1.087  0.8258916
1.088  0.8312142
1.089  0.8362272
1.090  0.8409287
1.091  0.8453171
1.092  0.8493908
1.093  0.8531483
1.094  0.8565883
1.095  0.8597096
1.096  0.8625111
1.097  0.8649918
1.098  0.8671509
1.099  0.8689877
1.100  0.8705015
1.101  0.8716918
1.102  0.8725584
1.103  0.8731010
1.104  0.8733194
1.105  0.8732136
1.106  0.8727839
1.107  0.8720303
1.108  0.8709534
1.109  0.8695536
1.110  0.8678315
1.111  0.8657879
1.112  0.8634235
1.113  0.8607395
1.114  0.8577368
1.115  0.8544167
1.116  0.8507805
1.117  0.8468297
1.118  0.8425658
1.119  0.8379905
1.120  0.8331057
1.121  0.8279131
1.122  0.8224150
1.123  0.8166133
1.124  0.8105104
1.125  0.8041086
1.126  0.7974103
1.127  0.7904182
1.128  0.7831350
1.129  0.7755634
1.130  0.7677064
1.131  0.7595669
1.132  0.7511480
1.133  0.7424531
1.134  0.7334853
1.135  0.7242481
1.136  0.7147450
1.137  0.7049795
1.138  0.6949555
1.139  0.6846766
1.140  0.6741468
1.141  0.6633700
1.142  0.6523503
1.143  0.6410919
1.144  0.6295989
1.145  0.6178756
1.146  0.6059265
1.147  0.5937561
1.148  0.5813688
1.149  0.5687694
1.150  0.5559624
1.151  0.5429528
1.152  0.5297452
1.153  0.5163447
1.154  0.5027562
1.155  0.4889848
1.156  0.4750355
1.157  0.4609136
1.158  0.4466241
1.159  0.4321725
1.160  0.4175641
1.161  0.4028041
1.162  0.3878982
1.163  0.3728517
1.164  0.3576701
1.165  0.3423591
1.166  0.3269243
1.167  0.3113712
1.168  0.2957056
1.169  0.2799333
1.170  0.2640599
1.171  0.2480913
1.172  0.2320332
1.173  0.2158915
1.174  0.1996721
1.175  0.1833808
1.176  0.1670236
1.177  0.1506064
1.178  0.1341350
1.179  0.1176155
1.180  0.1010538
1.181  0.0844559
1.182  0.0678277
1.183  0.0511752
1.184  0.0345044
1.185  0.0178212
1.186  0.0011317
1.187 -0.0155582
1.188 -0.0322426
1.189 -0.0489155
1.190 -0.0655709
1.191 -0.0822030
1.192 -0.0988058
1.193 -0.1153734
1.194 -0.1319001
1.195 -0.1483799
1.196 -0.1648069
1.197 -0.1811756
1.198 -0.1974800
1.199 -0.2137144
1.200 -0.2298731
1.201 -0.2459506
1.202 -0.2619410
1.203 -0.2778389
1.204 -0.2936388
1.205 -0.3093350
1.206 -0.3249222
1.207 -0.3403949
1.208 -0.3557477
1.209 -0.3709755
1.210 -0.3860728
1.211 -0.4010345
1.212 -0.4158554
1.213 -0.4305305
1.214 -0.4450547
1.215 -0.4594230
1.216 -0.4736306
1.217 -0.4876726
1.218 -0.5015441
1.219 -0.5152405
1.220 -0.5287572
1.221 -0.5420896
1.222 -0.5552331
1.223 -0.5681834
1.224 -0.5809361
1.225 -0.5934869
1.226 -0.6058317
1.227 -0.6179662
1.228 -0.6298866
1.229 -0.6415887
1.230 -0.6530688
1.231 -0.6643230
1.232 -0.6753477
1.233 -0.6861392
1.234 -0.6966941
1.235 -0.7070087
1.236 -0.7170799
1.237 -0.7269044
1.238 -0.7364789
1.239 -0.7458004
1.240 -0.7548659
1.241 -0.7636725
1.242 -0.7722175
1.243 -0.7804981
1.244 -0.7885117
1.245 -0.7962558
1.246 -0.8037280
1.247 -0.8109260
1.248 -0.8178476
1.249 -0.8244907
1.250 -0.8308532
1.251 -0.8369332
1.252 -0.8427290
1.253 -0.8482387
1.254 -0.8534609
1.255 -0.8583939
1.256 -0.8630364
1.257 -0.8673871
1.258 -0.8714447
1.259 -0.8752083
1.260 -0.8786766
1.261 -0.8818490
1.262 -0.8847245
1.263 -0.8873025
1.264 -0.8895824
1.265 -0.8915638
1.266 -0.8932461
1.267 -0.8946292
1.268 -0.8957128
1.269 -0.8964970
1.270 -0.8969816
1.271 -0.8971669
1.272 -0.8970531
1.273 -0.8966404
1.274 -0.8959293
1.275 -0.8949204
1.276 -0.8936142
1.277 -0.8920116
1.278 -0.8901132
1.279 -0.8879200
1.280 -0.8854331
1.281 -0.8826536
1.282 -0.8795826
1.283 -0.8762215
1.284 -0.8725717
1.285 -0.8686346
1.286 -0.8644118
1.287 -0.8599051
1.288 -0.8551161
1.289 -0.8500468
1.290 -0.8446991
1.291 -0.8390750
1.292 -0.8331767
1.293 -0.8270063
1.294 -0.8205661
1.295 -0.8138586
1.296 -0.8068861
1.297 -0.7996513
1.298 -0.7921567
1.299 -0.7844051
1.300 -0.7763993
1.301 -0.7681420
1.302 -0.7596363
1.303 -0.7508851
1.304 -0.7418916
1.305 -0.7326588
1.306 -0.7231901
1.307 -0.7134888
1.308 -0.7035581
1.309 -0.6934015
1.310 -0.6830226
1.311 -0.6724249
1.312 -0.6616120
1.313 -0.6505877
1.314 -0.6393556
1.315 -0.6279196
1.316 -0.6162836
1.317 -0.6044514
1.318 -0.5924272
1.319 -0.5802148
1.320 -0.5678183
1.321 -0.5552420
1.322 -0.5424900
1.323 -0.5295665
1.324 -0.5164758
1.325 -0.5032222
1.326 -0.4898101
1.327 -0.4762439
1.328 -0.4625280
1.329 -0.4486669
1.330 -0.4346650
1.331 -0.4205271
1.332 -0.4062575
1.333 -0.3918611
1.334 -0.3773423
1.335 -0.3627058
1.336 -0.3479565
1.337 -0.3330989
1.338 -0.3181378
1.339 -0.3030780
1.340 -0.2879242
1.341 -0.2726813
1.342 -0.2573541
1.343 -0.2419475
1.344 -0.2264662
1.345 -0.2109151
1.346 -0.1952991
1.347 -0.1796231
1.348 -0.1638920
1.349 -0.1481106
1.350 -0.1322838
1.351 -0.1164166
1.352 -0.1005138
1.353 -0.0845804
1.354 -0.0686211
1.355 -0.0526410
1.356 -0.0366449
1.357 -0.0206377
1.358 -0.0046241
1.359  0.0113908
1.360  0.0274022
1.361  0.0434054
1.362  0.0593955
1.363  0.0753677
1.364  0.0913172
1.365  0.1072392
1.366  0.1231291
1.367  0.1389821
1.368  0.1547934
1.369  0.1705584
1.370  0.1862725
1.371  0.2019311
1.372  0.2175295
1.373  0.2330631
1.374  0.2485275
1.375  0.2639182
1.376  0.2792306
1.377  0.2944604
1.378  0.3096031
1.379  0.3246544
1.380  0.3396101
1.381  0.3544657
1.382  0.3692171
1.383  0.3838600
1.384  0.3983904
1.385  0.4128041
1.386  0.4270970
1.387  0.4412652
1.388  0.4553046
1.389  0.4692115
1.390  0.4829817
1.391  0.4966117
1.392  0.5100975
1.393  0.5234356
1.394  0.5366222
1.395  0.5496536
1.396  0.5625265
1.397  0.5752373
1.398  0.5877824
1.399  0.6001587
1.400  0.6123627
1.401  0.6243912
1.402  0.6362409
1.403  0.6479088
1.404  0.6593918
1.405  0.6706868
1.406  0.6817909
1.407  0.6927012
1.408  0.7034148
1.409  0.7139291
1.410  0.7242413
1.411  0.7343488
1.412  0.7442490
1.413  0.7539395
1.414  0.7634177
1.415  0.7726814
1.416  0.7817282
1.417  0.7905559
1.418  0.7991624
1.419  0.8075456
1.420  0.8157034
1.421  0.8236339
1.422  0.8313352
1.423  0.8388055
1.424  0.8460431
1.425  0.8530463
1.426  0.8598136
1.427  0.8663433
1.428  0.8726340
1.429  0.8786844
1.430  0.8844931
1.431  0.8900590
1.432  0.8953807
1.433  0.9004573
1.434  0.9052877
1.435  0.9098710
1.436  0.9142062
1.437  0.9182926
1.438  0.9221294
1.439  0.9257160
1.440  0.9290517
1.441  0.9321361
1.442  0.9349686
1.443  0.9375490
1.444  0.9398768
1.445  0.9419519
1.446  0.9437740
1.447  0.9453431
1.448  0.9466591
1.449  0.9477221
1.450  0.9485322
1.451  0.9490895
1.452  0.9493943
1.453  0.9494469
1.454  0.9492476
1.455  0.9487970
1.456  0.9480955
1.457  0.9471436
1.458  0.9459422
1.459  0.9444917
1.460  0.9427931
1.461  0.9408471
1.462  0.9386547
1.463  0.9362167
1.464  0.9335343
1.465  0.9306086
1.466  0.9274406
1.467  0.9240315
1.468  0.9203827
1.469  0.9164955
1.470  0.9123713
1.471  0.9080114
1.472  0.9034174
1.473  0.8985909
1.474  0.8935335
1.475  0.8882469
1.476  0.8827327
1.477  0.8769928
1.478  0.8710289
1.479  0.8648430
1.480  0.8584371
1.481  0.8518130
1.482  0.8449729
1.483  0.8379187
1.484  0.8306528
1.485  0.8231772
1.486  0.8154941
1.487  0.8076059
1.488  0.7995149
1.489  0.7912233
1.490  0.7827338
1.491  0.7740486
1.492  0.7651703
1.493  0.7561015
1.494  0.7468446
1.495  0.7374024
1.496  0.7277774
1.497  0.7179724
1.498  0.7079901
1.499  0.6978332
1.500  0.6875046
1.501  0.6770070
1.502  0.6663433
1.503  0.6555165
1.504  0.6445295
1.505  0.6333852
1.506  0.6220865
1.507  0.6106366
1.508  0.5990384
1.509  0.5872951
1.510  0.5754097
1.511  0.5633853
1.512  0.5512251
1.513  0.5389322
1.514  0.5265099
1.515  0.5139612
1.516  0.5012896
1.517  0.4884981
1.518  0.4755901
1.519  0.4625688
1.520  0.4494376
1.521  0.4361998
1.522  0.4228586
1.523  0.4094174
1.524  0.3958796
1.525  0.3822485
1.526  0.3685275
1.527  0.3547201
1.528  0.3408294
1.529  0.3268591
1.530  0.3128124
1.531  0.2986929
1.532  0.2845038
1.533  0.2702487
1.534  0.2559309
1.535  0.2415539
1.536  0.2271212
1.537  0.2126360
1.538  0.1981020
1.539  0.1835224
1.540  0.1689008
1.541  0.1542405
1.542  0.1395450
1.543  0.1248177
1.544  0.1100619
1.545  0.0952812
1.546  0.0804788
1.547  0.0656583
1.548  0.0508229
1.549  0.0359761
1.550  0.0211211
1.551  0.0062615
1.552 -0.0085996
1.553 -0.0234588
1.554 -0.0383127
1.555 -0.0531581
1.556 -0.0679916
1.557 -0.0828101
1.558 -0.0976102
1.559 -0.1123887
1.560 -0.1271425
1.561 -0.1418682
1.562 -0.1565627
1.563 -0.1712228
1.564 -0.1858454
1.565 -0.2004274
1.566 -0.2149657
1.567 -0.2294572
1.568 -0.2438987
1.569 -0.2582874
1.570 -0.2726201
1.571 -0.2868940
1.572 -0.3011060
1.573 -0.3152531
1.574 -0.3293326
1.575 -0.3433414
1.576 -0.3572768
1.577 -0.3711359
1.578 -0.3849159
1.579 -0.3986140
1.580 -0.4122276
1.581 -0.4257538
1.582 -0.4391900
1.583 -0.4525335
1.584 -0.4657818
1.585 -0.4789322
1.586 -0.4919822
1.587 -0.5049292
1.588 -0.5177708
1.589 -0.5305044
1.590 -0.5431277
1.591 -0.5556383
1.592 -0.5680338
1.593 -0.5803118
1.594 -0.5924702
1.595 -0.6045066
1.596 -0.6164188
1.597 -0.6282046
1.598 -0.6398619
1.599 -0.6513885
1.600 -0.6627825
1.601 -0.6740417
1.602 -0.6851642
1.603 -0.6961479
1.604 -0.7069910
1.605 -0.7176916
1.606 -0.7282478
1.607 -0.7386578
1.608 -0.7489198
1.609 -0.7590321
1.610 -0.7689930
1.611 -0.7788009
1.612 -0.7884540
1.613 -0.7979509
1.614 -0.8072900
1.615 -0.8164698
1.616 -0.8254888
1.617 -0.8343455
1.618 -0.8430387
1.619 -0.8515670
1.620 -0.8599291
1.621 -0.8681236
1.622 -0.8761494
1.623 -0.8840053
1.624 -0.8916901
1.625 -0.8992027
1.626 -0.9065421
1.627 -0.9137073
1.628 -0.9206972
1.629 -0.9275108
1.630 -0.9341474
1.631 -0.9406060
1.632 -0.9468857
1.633 -0.9529859
1.634 -0.9589057
1.635 -0.9646444
1.636 -0.9702014
1.637 -0.9755760
1.638 -0.9807676
1.639 -0.9857757
1.640 -0.9905997
1.641 -0.9952393
1.642 -0.9996938
1.643 -1.0039630
1.644 -1.0080464
1.645 -1.0119438
1.646 -1.0156548
1.647 -1.0191792
1.648 -1.0225168
1.649 -1.0256674
1.650 -1.0286309
1.651 -1.0314071
1.652 -1.0339960
1.653 -1.0363976
1.654 -1.0386118
1.655 -1.0406387
1.656 -1.0424784
1.657 -1.0441310
1.658 -1.0455967
1.659 -1.0468755
1.660 -1.0479678
1.661 -1.0488738
1.662 -1.0495937
1.663 -1.0501279
1.664 -1.0504768
1.665 -1.0506407
1.666 -1.0506200
1.667 -1.0504152
1.668 -1.0500267
1.669 -1.0494551
1.670 -1.0487010
1.671 -1.0477648
1.672 -1.0466473
1.673 -1.0453490
1.674 -1.0438706
1.675 -1.0422128
1.676 -1.0403763
1.677 -1.0383619
1.678 -1.0361703
1.679 -1.0338025
1.680 -1.0312591
1.681 -1.0285412
1.682 -1.0256495
1.683 -1.0225850
1.684 -1.0193487
1.685 -1.0159415
1.686 -1.0123644
1.687 -1.0086185
1.688 -1.0047047
1.689 -1.0006243
1.690 -0.9963782
1.691 -0.9919676
1.692 -0.9873936
1.693 -0.9826575
1.694 -0.9777603
1.695 -0.9727034
1.696 -0.9674880
1.697 -0.9621152
1.698 -0.9565864
1.699 -0.9509030
1.700 -0.9450661
1.701 -0.9390772
1.702 -0.9329376
1.703 -0.9266487
1.704 -0.9202118
1.705 -0.9136285
1.706 -0.9069000
1.707 -0.9000280
1.708 -0.8930138
1.709 -0.8858589
1.710 -0.8785649
1.711 -0.8711332
1.712 -0.8635653
1.713 -0.8558629
1.714 -0.8480275
1.715 -0.8400606
1.716 -0.8319638
1.717 -0.8237388
1.718 -0.8153871
1.719 -0.8069104
1.720 -0.7983103
1.721 -0.7895884
1.722 -0.7807465
1.723 -0.7717862
1.724 -0.7627092
1.725 -0.7535171
1.726 -0.7442117
1.727 -0.7347947
1.728 -0.7252677
1.729 -0.7156326
1.730 -0.7058911
1.731 -0.6960449
1.732 -0.6860957
1.733 -0.6760453
1.734 -0.6658956
1.735 -0.6556481
1.736 -0.6453048
1.737 -0.6348674
1.738 -0.6243377
1.739 -0.6137175
1.740 -0.6030086
1.741 -0.5922127
1.742 -0.5813317
1.743 -0.5703674
1.744 -0.5593217
1.745 -0.5481962
1.746 -0.5369928
1.747 -0.5257134
1.748 -0.5143597
1.749 -0.5029336
1.750 -0.4914369
1.751 -0.4798714
1.752 -0.4682389
1.753 -0.4565412
1.754 -0.4447802
1.755 -0.4329577
1.756 -0.4210755
1.757 -0.4091354
1.758 -0.3971392
1.759 -0.3850887
1.760 -0.3729857
1.761 -0.3608321
1.762 -0.3486296
1.763 -0.3363800
1.764 -0.3240852
1.765 -0.3117468
1.766 -0.2993668
1.767 -0.2869468
1.768 -0.2744887
1.769 -0.2619942
1.770 -0.2494651
1.771 -0.2369031
1.772 -0.2243101
1.773 -0.2116876
1.774 -0.1990376
1.775 -0.1863616
1.776 -0.1736615
1.777 -0.1609390
1.778 -0.1481957
1.779 -0.1354334
1.780 -0.1226537
1.781 -0.1098584
1.782 -0.0970491
1.783 -0.0842275
1.784 -0.0713953
1.785 -0.0585541
1.786 -0.0457055
1.787 -0.0328512
1.788 -0.0199928
1.789 -0.0071320
1.790  0.0057298
1.791  0.0185909
1.792  0.0314496
1.793  0.0443045
1.794  0.0571540
1.795  0.0699966
1.796  0.0828306
1.797  0.0956546
1.798  0.1084671
1.799  0.1212665
1.800  0.1340514
1.801  0.1468203
1.802  0.1595717
1.803  0.1723042
1.804  0.1850163
1.805  0.1977067
1.806  0.2103738
1.807  0.2230164
1.808  0.2356329
1.809  0.2482221
1.810  0.2607826
1.811  0.2733129
1.812  0.2858119
1.813  0.2982781
1.814  0.3107103
1.815  0.3231072
1.816  0.3354675
1.817  0.3477898
1.818  0.3600731
1.819  0.3723160
1.820  0.3845173
1.821  0.3966759
1.822  0.4087904
1.823  0.4208598
1.824  0.4328829
1.825  0.4448585
1.826  0.4567855
1.827  0.4686627
1.828  0.4804892
1.829  0.4922637
1.830  0.5039853
1.831  0.5156527
1.832  0.5272652
1.833  0.5388214
1.834  0.5503206
1.835  0.5617616
1.836  0.5731435
1.837  0.5844654
1.838  0.5957261
1.839  0.6069250
1.840  0.6180609
1.841  0.6291331
1.842  0.6401405
1.843  0.6510824
1.844  0.6619579
1.845  0.6727661
1.846  0.6835062
1.847  0.6941774
1.848  0.7047789
1.849  0.7153099
1.850  0.7257697
1.851  0.7361574
1.852  0.7464724
1.853  0.7567140
1.854  0.7668813
1.855  0.7769738
1.856  0.7869908
1.857  0.7969315
1.858  0.8067955
1.859  0.8165819
1.860  0.8262903
1.861  0.8359199
1.862  0.8454703
1.863  0.8549409
1.864  0.8643310
1.865  0.8736403
1.866  0.8828680
1.867  0.8920138
1.868  0.9010771
1.869  0.9100575
1.870  0.9189544
1.871  0.9277675
1.872  0.9364963
1.873  0.9451403
1.874  0.9536993
1.875  0.9621726
1.876  0.9705601
1.877  0.9788613
1.878  0.9870759
1.879  0.9952035
1.880  1.0032438
1.881  1.0111966
1.882  1.0190614
1.883  1.0268380
1.884  1.0345262
1.885  1.0421258
1.886  1.0496363
1.887  1.0570577
1.888  1.0643897
1.889  1.0716321
1.890  1.0787847
1.891  1.0858474
1.892  1.0928200
1.893  1.0997023
1.894  1.1064942
1.895  1.1131955
1.896  1.1198062
1.897  1.1263262
1.898  1.1327553
1.899  1.1390935
1.900  1.1453407
1.901  1.1514969
1.902  1.1575621
1.903  1.1635361
1.904  1.1694191
1.905  1.1752109
1.906  1.1809116
1.907  1.1865212
1.908  1.1920397
1.909  1.1974673
1.910  1.2028038
1.911  1.2080494
1.912  1.2132042
1.913  1.2182682
1.914  1.2232416
1.915  1.2281244
1.916  1.2329167
1.917  1.2376188
1.918  1.2422306
1.919  1.2467524
1.920  1.2511843
1.921  1.2555264
1.922  1.2597790
1.923  1.2639423
1.924  1.2680163
1.925  1.2720014
1.926  1.2758977
1.927  1.2797054
1.928  1.2834249
1.929  1.2870562
1.930  1.2905997
1.931  1.2940556
1.932  1.2974242
1.933  1.3007057
1.934  1.3039005
1.935  1.3070087
1.936  1.3100308
1.937  1.3129670
1.938  1.3158176
1.939  1.3185829
1.940  1.3212633
1.941  1.3238590
1.942  1.3263705
1.943  1.3287981
1.944  1.3311421
1.945  1.3334029
1.946  1.3355809
1.947  1.3376764
1.948  1.3396898
1.949  1.3416214
1.950  1.3434718
1.951  1.3452413
1.952  1.3469302
1.953  1.3485391
1.954  1.3500682
1.955  1.3515181
1.956  1.3528892
1.957  1.3541818
1.958  1.3553965
1.959  1.3565336
1.960  1.3575937
1.961  1.3585772
1.962  1.3594845
1.963  1.3603160
1.964  1.3610724
1.965  1.3617539
1.966  1.3623612
1.967  1.3628947
1.968  1.3633548
1.969  1.3637421
1.970  1.3640571
1.971  1.3643002
1.972  1.3644719
1.973  1.3645728
1.974  1.3646033
1.975  1.3645640
1.976  1.3644554
1.977  1.3642780
1.978  1.3640323
1.979  1.3637188
1.980  1.3633381
1.981  1.3628906
1.982  1.3623770
1.983  1.3617978
1.984  1.3611534
1.985  1.3604444
1.986  1.3596714
1.987  1.3588349
1.988  1.3579355
1.989  1.3569737
1.990  1.3559500
1.991  1.3548650
1.992  1.3537192
1.993  1.3525133
1.994  1.3512477
1.995  1.3499230
1.996  1.3485398
1.997  1.3470986
1.998  1.3456000
1.999  1.3440445
2.000  1.3424328
2.001  1.3407653
2.002  1.3390427
2.003  1.3372654
2.004  1.3354342
2.005  1.3335494
2.006  1.3316118
2.007  1.3296218
2.008  1.3275800
2.009  1.3254871
2.010  1.3233435
2.011  1.3211498
2.012  1.3189066
2.013  1.3166145
2.014  1.3142740
2.015  1.3118857
2.016  1.3094502
2.017  1.3069680
2.018  1.3044397
2.019  1.3018659
2.020  1.2992471
2.021  1.2965839
2.022  1.2938768
2.023  1.2911264
2.024  1.2883333
2.025  1.2854981
2.026  1.2826213
2.027  1.2797034
2.028  1.2767450
2.029  1.2737467
2.030  1.2707090
2.031  1.2676325
2.032  1.2645177
2.033  1.2613652
2.034  1.2581755
2.035  1.2549492
2.036  1.2516869
2.037  1.2483890
2.038  1.2450561
2.039  1.2416888
2.040  1.2382876
2.041  1.2348530
2.042  1.2313856
2.043  1.2278859
2.044  1.2243545
2.045  1.2207918
2.046  1.2171984
2.047  1.2135748
2.048  1.2099216
2.049  1.2062392
2.050  1.2025283
2.051  1.1987893
2.052  1.1950226
2.053  1.1912290
2.054  1.1874087
2.055  1.1835625
2.056  1.1796906
2.057  1.1757938
2.058  1.1718724
2.059  1.1679270
2.060  1.1639581
2.061  1.1599661
2.062  1.1559516
2.063  1.1519150
2.064  1.1478568
2.065  1.1437775
2.066  1.1396776
2.067  1.1355575
2.068  1.1314178
2.069  1.1272589
2.070  1.1230813
2.071  1.1188854
2.072  1.1146717
2.073  1.1104406
2.074  1.1061927
2.075  1.1019283
2.076  1.0976480
2.077  1.0933522
2.078  1.0890412
2.079  1.0847156
2.080  1.0803758
2.081  1.0760222
2.082  1.0716553
2.083  1.0672755
2.084  1.0628832
2.085  1.0584788
2.086  1.0540628
2.087  1.0496355
2.088  1.0451975
2.089  1.0407490
2.090  1.0362905
2.091  1.0318225
2.092  1.0273452
2.093  1.0228592
2.094  1.0183647
2.095  1.0138623
2.096  1.0093522
2.097  1.0048348
2.098  1.0003106
2.099  0.9957799
2.100  0.9912431
2.101  0.9867006
2.102  0.9821527
2.103  0.9775998
2.104  0.9730422
2.105  0.9684803
2.106  0.9639145
2.107  0.9593451
2.108  0.9547724
2.109  0.9501969
2.110  0.9456188
2.111  0.9410385
2.112  0.9364562
2.113  0.9318724
2.114  0.9272874
2.115  0.9227015
2.116  0.9181150
2.117  0.9135282
2.118  0.9089414
2.119  0.9043550
2.120  0.8997692
2.121  0.8951845
2.122  0.8906009
2.123  0.8860189
2.124  0.8814388
2.125  0.8768608
2.126  0.8722852
2.127  0.8677123
2.128  0.8631424
2.129  0.8585758
2.130  0.8540127
2.131  0.8494535
2.132  0.8448982
2.133  0.8403474
2.134  0.8358011
2.135  0.8312597
2.136  0.8267233
2.137  0.8221924
2.138  0.8176670
2.139  0.8131475
2.140  0.8086341
2.141  0.8041270
2.142  0.7996265
2.143  0.7951327
2.144  0.7906460
2.145  0.7861665
2.146  0.7816945
2.147  0.7772302
2.148  0.7727738
2.149  0.7683255
2.150  0.7638855
2.151  0.7594541
2.152  0.7550313
2.153  0.7506175
2.154  0.7462129
2.155  0.7418176
2.156  0.7374317
2.157  0.7330556
2.158  0.7286894
2.159  0.7243333
2.160  0.7199874
2.161  0.7156519
2.162  0.7113270
2.163  0.7070129
2.164  0.7027098
2.165  0.6984177
2.166  0.6941369
2.167  0.6898676
2.168  0.6856098
2.169  0.6813638
2.170  0.6771296
2.171  0.6729075
2.172  0.6686976
2.173  0.6645000
2.174  0.6603149
2.175  0.6561423
2.176  0.6519825
2.177  0.6478356
2.178  0.6437017
2.179  0.6395809
2.180  0.6354733
2.181  0.6313792
2.182  0.6272985
2.183  0.6232314
2.184  0.6191780
2.185  0.6151385
2.186  0.6111130
2.187  0.6071014
2.188  0.6031041
2.189  0.5991210
2.190  0.5951522
2.191  0.5911979
2.192  0.5872582
2.193  0.5833330
2.194  0.5794227
2.195  0.5755271
2.196  0.5716464
2.197  0.5677808
2.198  0.5639302
2.199  0.5600947
2.200  0.5562745
2.201  0.5524696
2.202  0.5486800
2.203  0.5449059
2.204  0.5411473
2.205  0.5374043
2.206  0.5336769
2.207  0.5299652
2.208  0.5262693
2.209  0.5225892
2.210  0.5189250
2.211  0.5152766
2.212  0.5116443
2.213  0.5080280
2.214  0.5044278
2.215  0.5008437
2.216  0.4972758
2.217  0.4937241
2.218  0.4901886
2.219  0.4866694
2.220  0.4831666
2.221  0.4796801
2.222  0.4762100
2.223  0.4727563
2.224  0.4693191
2.225  0.4658984
2.226  0.4624942
2.227  0.4591065
2.228  0.4557353
2.229  0.4523808
2.230  0.4490428
2.231  0.4457215
2.232  0.4424167
2.233  0.4391287
2.234  0.4358573
2.235  0.4326025
2.236  0.4293645
2.237  0.4261431
2.238  0.4229385
2.239  0.4197505
2.240  0.4165792
2.241  0.4134247
2.242  0.4102869
2.243  0.4071658
2.244  0.4040614
2.245  0.4009737
2.246  0.3979027
2.247  0.3948484
2.248  0.3918108
2.249  0.3887899
2.250  0.3857857
2.251  0.3827982
2.252  0.3798273
2.253  0.3768730
2.254  0.3739354
2.255  0.3710144
2.256  0.3681100
2.257  0.3652222
2.258  0.3623509
2.259  0.3594962
2.260  0.3566580
2.261  0.3538364
2.262  0.3510311
2.263  0.3482424
2.264  0.3454701
2.265  0.3427142
2.266  0.3399746
2.267  0.3372515
2.268  0.3345446
2.269  0.3318541
2.270  0.3291798
2.271  0.3265217
2.272  0.3238798
2.273  0.3212541
2.274  0.3186446
2.275  0.3160511
2.276  0.3134737
2.277  0.3109123
2.278  0.3083669
2.279  0.3058374
2.280  0.3033239
2.281  0.3008262
2.282  0.2983444
2.283  0.2958783
2.284  0.2934280
2.285  0.2909934
2.286  0.2885745
2.287  0.2861712
2.288  0.2837834
2.289  0.2814112
2.290  0.2790545
2.291  0.2767132
2.292  0.2743872
2.293  0.2720767
2.294  0.2697814
2.295  0.2675013
2.296  0.2652365
2.297  0.2629868
2.298  0.2607521
2.299  0.2585326
2.300  0.2563280
2.301  0.2541383
2.302  0.2519635
2.303  0.2498036
2.304  0.2476584
2.305  0.2455280
2.306  0.2434122
2.307  0.2413110
2.308  0.2392244
2.309  0.2371523
2.310  0.2350947
2.311  0.2330514
2.312  0.2310225
2.313  0.2290078
2.314  0.2270074
2.315  0.2250211
2.316  0.2230489
2.317  0.2210908
2.318  0.2191466
2.319  0.2172164
2.320  0.2153000
2.321  0.2133974
2.322  0.2115086
2.323  0.2096335
2.324  0.2077720
2.325  0.2059240
2.326  0.2040896
2.327  0.2022685
2.328  0.2004609
2.329  0.1986666
2.330  0.1968855
2.331  0.1951176
2.332  0.1933629
2.333  0.1916212
2.334  0.1898925
2.335  0.1881768
2.336  0.1864740
2.337  0.1847839
2.338  0.1831066
2.339  0.1814420
2.340  0.1797900
2.341  0.1781506
2.342  0.1765237
2.343  0.1749092
2.344  0.1733071
2.345  0.1717172
2.346  0.1701397
2.347  0.1685742
2.348  0.1670209
2.349  0.1654797
2.350  0.1639504
2.351  0.1624331
2.352  0.1609276
2.353  0.1594339
2.354  0.1579519
2.355  0.1564816
2.356  0.1550228
2.357  0.1535757
2.358  0.1521399
2.359  0.1507156
2.360  0.1493026
2.361  0.1479009
2.362  0.1465104
2.363  0.1451310
2.364  0.1437627
2.365  0.1424054
2.366  0.1410591
2.367  0.1397236
2.368  0.1383990
2.369  0.1370852
2.370  0.1357820
2.371  0.1344894
2.372  0.1332075
2.373  0.1319360
2.374  0.1306750
2.375  0.1294243
2.376  0.1281839
2.377  0.1269538
2.378  0.1257339
2.379  0.1245241
2.380  0.1233244
2.381  0.1221346
2.382  0.1209548
2.383  0.1197848
2.384  0.1186247
2.385  0.1174743
2.386  0.1163335
2.387  0.1152024
2.388  0.1140809
2.389  0.1129688
2.390  0.1118662
2.391  0.1107729
2.392  0.1096890
2.393  0.1086143
2.394  0.1075488
2.395  0.1064924
2.396  0.1054451
2.397  0.1044068
2.398  0.1033774
2.399  0.1023569
2.400  0.1013452
2.401  0.1003423
2.402  0.0993481
2.403  0.0983626
2.404  0.0973856
2.405  0.0964171
2.406  0.0954572
2.407  0.0945056
2.408  0.0935624
2.409  0.0926274
2.410  0.0917007
2.411  0.0907822
2.412  0.0898718
2.413  0.0889695
2.414  0.0880751
2.415  0.0871887
2.416  0.0863102
2.417  0.0854395
2.418  0.0845766
2.419  0.0837215
2.420  0.0828739
2.421  0.0820340
2.422  0.0812017
2.423  0.0803768
2.424  0.0795594
2.425  0.0787494
2.426  0.0779467
2.427  0.0771513
2.428  0.0763631
2.429  0.0755821
2.430  0.0748082
2.431  0.0740413
2.432  0.0732815
2.433  0.0725286
2.434  0.0717827
2.435  0.0710435
2.436  0.0703112
2.437  0.0695857
2.438  0.0688668
2.439  0.0681546
2.440  0.0674490
2.441  0.0667499
2.442  0.0660573
2.443  0.0653712
2.444  0.0646915
2.445  0.0640181
2.446  0.0633510
2.447  0.0626901
2.448  0.0620354
2.449  0.0613869
2.450  0.0607445
2.451  0.0601082
2.452  0.0594778
2.453  0.0588534
2.454  0.0582349
2.455  0.0576223
2.456  0.0570154
2.457  0.0564144
2.458  0.0558190
2.459  0.0552294
2.460  0.0546453
2.461  0.0540669
2.462  0.0534940
2.463  0.0529266
2.464  0.0523646
2.465  0.0518080
2.466  0.0512568
2.467  0.0507109
2.468  0.0501703
2.469  0.0496349
2.470  0.0491047
2.471  0.0485796
2.472  0.0480596
2.473  0.0475447
2.474  0.0470348
2.475  0.0465299
2.476  0.0460298
2.477  0.0455347
2.478  0.0450445
2.479  0.0445590
2.480  0.0440783
2.481  0.0436023
2.482  0.0431310
2.483  0.0426644
2.484  0.0422023
2.485  0.0417449
2.486  0.0412919
2.487  0.0408435
2.488  0.0403994
2.489  0.0399598
2.490  0.0395246
2.491  0.0390937
2.492  0.0386671
2.493  0.0382448
2.494  0.0378267
2.495  0.0374127
2.496  0.0370030
2.497  0.0365973
2.498  0.0361957
2.499  0.0357981
2.500  0.0354046
2.501  0.0350150
2.502  0.0346294
2.503  0.0342476
2.504  0.0338698
2.505  0.0334957
2.506  0.0331255
2.507  0.0327590
2.508  0.0323962
2.509  0.0320371
2.510  0.0316817
2.511  0.0313300
2.512  0.0309818
2.513  0.0306372
2.514  0.0302961
2.515  0.0299585
2.516  0.0296244
2.517  0.0292937
2.518  0.0289665
2.519  0.0286426
2.520  0.0283220
2.521  0.0280048
2.522  0.0276908
2.523  0.0273801
2.524  0.0270726
2.525  0.0267683
2.526  0.0264672
2.527  0.0261692
2.528  0.0258743
2.529  0.0255825
2.530  0.0252937
2.531  0.0250079
2.532  0.0247252
2.533  0.0244453
2.534  0.0241685
2.535  0.0238945
2.536  0.0236234
2.537  0.0233552
2.538  0.0230898
2.539  0.0228272
2.540  0.0225674
2.541  0.0223103
2.542  0.0220559
2.543  0.0218042
2.544  0.0215552
2.545  0.0213089
2.546  0.0210651
2.547  0.0208240
2.548  0.0205854
2.549  0.0203493
2.550  0.0201158
2.551  0.0198848
2.552  0.0196562
2.553  0.0194301
2.554  0.0192064
2.555  0.0189851
2.556  0.0187662
2.557  0.0185497
2.558  0.0183354
2.559  0.0181235
2.560  0.0179139
2.561  0.0177065
2.562  0.0175014
2.563  0.0172984
2.564  0.0170977
2.565  0.0168992
2.566  0.0167028
2.567  0.0165085
2.568  0.0163164
2.569  0.0161263
2.570  0.0159384
2.571  0.0157524
2.572  0.0155685
2.573  0.0153866
2.574  0.0152067
2.575  0.0150288
2.576  0.0148528
2.577  0.0146787
2.578  0.0145066
2.579  0.0143363
2.580  0.0141680
2.581  0.0140014
2.582  0.0138367
2.583  0.0136739
2.584  0.0135128
2.585  0.0133535
2.586  0.0131960
2.587  0.0130402
2.588  0.0128861
2.589  0.0127337
2.590  0.0125831
2.591  0.0124341
2.592  0.0122868
2.593  0.0121411
2.594  0.0119970
2.595  0.0118545
2.596  0.0117137
2.597  0.0115744
2.598  0.0114366
2.599  0.0113005
2.600  0.0111658
2.601  0.0110326
2.602  0.0109010
2.603  0.0107708
2.604  0.0106421
2.605  0.0105148
2.606  0.0103890
2.607  0.0102645
2.608  0.0101415
2.609  0.0100199
2.610  0.0098997
2.611  0.0097808
2.612  0.0096632
2.613  0.0095470
2.614  0.0094321
2.615  0.0093186
2.616  0.0092063
2.617  0.0090953
2.618  0.0089855
2.619  0.0088770
2.620  0.0087697
2.621  0.0086637
2.622  0.0085589
2.623  0.0084553
2.624  0.0083528
2.625  0.0082515
2.626  0.0081514
2.627  0.0080525
2.628  0.0079547
2.629  0.0078580
2.630  0.0077624
2.631  0.0076679
2.632  0.0075745
2.633  0.0074822
2.634  0.0073909
2.635  0.0073007
2.636  0.0072116
2.637  0.0071235
2.638  0.0070364
2.639  0.0069503
2.640  0.0068652
2.641  0.0067811
2.642  0.0066979
2.643  0.0066158
2.644  0.0065345
2.645  0.0064543
2.646  0.0063750
2.647  0.0062966
2.648  0.0062191
2.649  0.0061425
2.650  0.0060668
2.651  0.0059920
2.652  0.0059181
2.653  0.0058450
2.654  0.0057728
2.655  0.0057015
2.656  0.0056309
2.657  0.0055613
2.658  0.0054924
2.659  0.0054243
2.660  0.0053571
2.661  0.0052906
2.662  0.0052249
2.663  0.0051600
2.664  0.0050959
2.665  0.0050325
2.666  0.0049699
2.667  0.0049080
2.668  0.0048469
2.669  0.0047864
2.670  0.0047267
2.671  0.0046677
2.672  0.0046094
2.673  0.0045518
2.674  0.0044949
2.675  0.0044387
2.676  0.0043831
2.677  0.0043282
2.678  0.0042740
2.679  0.0042204
2.680  0.0041674
2.681  0.0041151
2.682  0.0040634
2.683  0.0040123
2.684  0.0039618
2.685  0.0039120
2.686  0.0038627
2.687  0.0038140
2.688  0.0037660
2.689  0.0037184
2.690  0.0036715
2.691  0.0036251
2.692  0.0035793
2.693  0.0035341
2.694  0.0034894
2.695  0.0034452
2.696  0.0034016
2.697  0.0033585
2.698  0.0033159
2.699  0.0032738
2.700  0.0032323
2.701  0.0031912
2.702  0.0031507
2.703  0.0031106
2.704  0.0030710
2.705  0.0030319
2.706  0.0029933
2.707  0.0029552
2.708  0.0029175
2.709  0.0028803
2.710  0.0028435
2.711  0.0028072
2.712  0.0027713
2.713  0.0027359
2.714  0.0027009
2.715  0.0026663
2.716  0.0026322
2.717  0.0025984
2.718  0.0025651
2.719  0.0025322
2.720  0.0024997
2.721  0.0024676
2.722  0.0024359
2.723  0.0024046
2.724  0.0023737
2.725  0.0023431
2.726  0.0023130
2.727  0.0022832
2.728  0.0022538
2.729  0.0022247
2.730  0.0021960
2.731  0.0021676
2.732  0.0021396
2.733  0.0021120
2.734  0.0020847
2.735  0.0020577
2.736  0.0020311
2.737  0.0020048
2.738  0.0019788
2.739  0.0019532
2.740  0.0019278
2.741  0.0019028
2.742  0.0018781
2.743  0.0018537
2.744  0.0018296
2.745  0.0018058
2.746  0.0017823
2.747  0.0017591
2.748  0.0017362
2.749  0.0017136
2.750  0.0016913
2.751  0.0016692
2.752  0.0016474
2.753  0.0016259
2.754  0.0016047
2.755  0.0015837
2.756  0.0015630
2.757  0.0015426
2.758  0.0015224
2.759  0.0015024
2.760  0.0014827
2.761  0.0014633
2.762  0.0014441
2.763  0.0014252
2.764  0.0014065
2.765  0.0013880
2.766  0.0013698
2.767  0.0013518
2.768  0.0013340
2.769  0.0013164
2.770  0.0012991
2.771  0.0012820
2.772  0.0012651
2.773  0.0012484
2.774  0.0012319
2.775  0.0012157
2.776  0.0011996
2.777  0.0011838
2.778  0.0011681
2.779  0.0011527
2.780  0.0011374
2.781  0.0011224
2.782  0.0011075
2.783  0.0010929
2.784  0.0010784
2.785  0.0010641
2.786  0.0010500
2.787  0.0010360
2.788  0.0010223
2.789  0.0010087
2.790  0.0009953
2.791  0.0009821
2.792  0.0009690
2.793  0.0009561
2.794  0.0009434
2.795  0.0009308
2.796  0.0009184
2.797  0.0009062
2.798  0.0008941
2.799  0.0008821
2.800  0.0008704
2.801  0.0008587
2.802  0.0008473
2.803  0.0008359
2.804  0.0008247
2.805  0.0008137
2.806  0.0008028
2.807  0.0007921
2.808  0.0007815
2.809  0.0007710
2.810  0.0007606
2.811  0.0007504
2.812  0.0007404
2.813  0.0007304
2.814  0.0007206
2.815  0.0007109
2.816  0.0007014
2.817  0.0006919
2.818  0.0006826
2.819  0.0006734
2.820  0.0006643
2.821  0.0006554
2.822  0.0006466
2.823  0.0006378
2.824  0.0006292
2.825  0.0006207
2.826  0.0006124
2.827  0.0006041
2.828  0.0005959
2.829  0.0005879
2.830  0.0005799
2.831  0.0005721
2.832  0.0005643
2.833  0.0005567
2.834  0.0005491
2.835  0.0005417
2.836  0.0005343
2.837  0.0005271
2.838  0.0005199
2.839  0.0005129
2.840  0.0005059
2.841  0.0004990
2.842  0.0004922
2.843  0.0004855
2.844  0.0004789
2.845  0.0004724
2.846  0.0004660
2.847  0.0004596
2.848  0.0004534
2.849  0.0004472
2.850  0.0004411
2.851  0.0004351
2.852  0.0004291
2.853  0.0004233
2.854  0.0004175
2.855  0.0004118
2.856  0.0004061
2.857  0.0004006
2.858  0.0003951
2.859  0.0003897
2.860  0.0003844
2.861  0.0003791
2.862  0.0003739
2.863  0.0003688
2.864  0.0003637
2.865  0.0003587
2.866  0.0003538
2.867  0.0003489
2.868  0.0003441
2.869  0.0003394
2.870  0.0003347
2.871  0.0003301
2.872  0.0003256
2.873  0.0003211
2.874  0.0003167
2.875  0.0003123
2.876  0.0003080
2.877  0.0003038
2.878  0.0002996
2.879  0.0002954
2.880  0.0002914
2.881  0.0002873
2.882  0.0002834
2.883  0.0002795
2.884  0.0002756
2.885  0.0002718
2.886  0.0002680
2.887  0.0002643
2.888  0.0002606
2.889  0.0002570
2.890  0.0002535
2.891  0.0002500
2.892  0.0002465
2.893  0.0002431
2.894  0.0002397
2.895  0.0002364
2.896  0.0002331
2.897  0.0002299
2.898  0.0002267
2.899  0.0002235
2.900  0.0002204
2.901  0.0002173
2.902  0.0002143
2.903  0.0002113
2.904  0.0002084
2.905  0.0002055
2.906  0.0002026
2.907  0.0001998
2.908  0.0001970
2.909  0.0001942
2.910  0.0001915
2.911  0.0001889
2.912  0.0001862
2.913  0.0001836
2.914  0.0001811
2.915  0.0001785
2.916  0.0001760
2.917  0.0001736
2.918  0.0001711
2.919  0.0001687
2.920  0.0001664
2.921  0.0001640
2.922  0.0001617
2.923  0.0001595
2.924  0.0001572
2.925  0.0001550
2.926  0.0001528
2.927  0.0001507
2.928  0.0001486
2.929  0.0001465
2.930  0.0001444
2.931  0.0001424
2.932  0.0001404
2.933  0.0001384
2.934  0.0001365
2.935  0.0001346
2.936  0.0001327
2.937  0.0001308
2.938  0.0001289
2.939  0.0001271
2.940  0.0001253
2.941  0.0001236
2.942  0.0001218
2.943  0.0001201
2.944  0.0001184
2.945  0.0001167
2.946  0.0001151
2.947  0.0001134
2.948  0.0001118
2.949  0.0001103
2.950  0.0001087
2.951  0.0001072
2.952  0.0001056
2.953  0.0001041
2.954  0.0001027
2.955  0.0001012
2.956  0.0000998
2.957  0.0000984
2.958  0.0000970
2.959  0.0000956
2.960  0.0000942
2.961  0.0000929
2.962  0.0000916
2.963  0.0000903
2.964  0.0000890
2.965  0.0000877
2.966  0.0000865
2.967  0.0000852
2.968  0.0000840
2.969  0.0000828
2.970  0.0000816
2.971  0.0000805
2.972  0.0000793
2.973  0.0000782
2.974  0.0000771
2.975  0.0000760
2.976  0.0000749
2.977  0.0000738
2.978  0.0000728
2.979  0.0000717
2.980  0.0000707
2.981  0.0000697
2.982  0.0000687
2.983  0.0000677
2.984  0.0000668
2.985  0.0000658
2.986  0.0000649
2.987  0.0000639
2.988  0.0000630
2.989  0.0000621
2.990  0.0000612
2.991  0.0000603
2.992  0.0000595
2.993  0.0000586
2.994  0.0000578
2.995  0.0000569
2.996  0.0000561
2.997  0.0000553
2.998  0.0000545
2.999  0.0000537
3.000  0.0000530
3.001  0.0000522
3.002  0.0000515
3.003  0.0000507
3.004  0.0000500
3.005  0.0000493
3.006  0.0000486
3.007  0.0000479
3.008  0.0000472
3.009  0.0000465
3.010  0.0000458
3.011  0.0000451
3.012  0.0000445
3.013  0.0000439
3.014  0.0000432
3.015  0.0000426
3.016  0.0000420
3.017  0.0000414
3.018  0.0000408
3.019  0.0000402
3.020  0.0000396
3.021  0.0000390
3.022  0.0000385
3.023  0.0000379
3.024  0.0000374
3.025  0.0000368
3.026  0.0000363
3.027  0.0000358
3.028  0.0000352
3.029  0.0000347
3.030  0.0000342
3.031  0.0000337
3.032  0.0000332
3.033  0.0000328
3.034  0.0000323
3.035  0.0000318
3.036  0.0000313
3.037  0.0000309
3.038  0.0000304
3.039  0.0000300
3.040  0.0000296
3.041  0.0000291
3.042  0.0000287
3.043  0.0000283
3.044  0.0000279
3.045  0.0000275
3.046  0.0000271
3.047  0.0000267
3.048  0.0000263
3.049  0.0000259
3.050  0.0000255
3.051  0.0000252
3.052  0.0000248
3.053  0.0000244
3.054  0.0000241
3.055  0.0000237
3.056  0.0000234
3.057  0.0000230
3.058  0.0000227
3.059  0.0000224
3.060  0.0000220
3.061  0.0000217
3.062  0.0000214
3.063  0.0000211
3.064  0.0000208
3.065  0.0000205
3.066  0.0000202
3.067  0.0000199
3.068  0.0000196
3.069  0.0000193
3.070  0.0000190
3.071  0.0000187
3.072  0.0000184
3.073  0.0000182
3.074  0.0000179
3.075  0.0000176
3.076  0.0000174
3.077  0.0000171
3.078  0.0000169
3.079  0.0000166
3.080  0.0000164
3.081  0.0000161
3.082  0.0000159
3.083  0.0000157
3.084  0.0000154
3.085  0.0000152
3.086  0.0000150
3.087  0.0000148
3.088  0.0000146
3.089  0.0000143
3.090  0.0000141
3.091  0.0000139
3.092  0.0000137
3.093  0.0000135
3.094  0.0000133
3.095  0.0000131
3.096  0.0000129
3.097  0.0000127
3.098  0.0000125
3.099  0.0000124
3.100  0.0000122
3.101  0.0000120
3.102  0.0000118
3.103  0.0000116
3.104  0.0000115
3.105  0.0000113
3.106  0.0000111
3.107  0.0000110
3.108  0.0000108
3.109  0.0000106
3.110  0.0000105
3.111  0.0000103
3.112  0.0000102
3.113  0.0000100
3.114  0.0000099
3.115  0.0000097
3.116  0.0000096
3.117  0.0000094
3.118  0.0000093
3.119  0.0000092
3.120  0.0000090
3.121  0.0000089
3.122  0.0000088
3.123  0.0000086
3.124  0.0000085
3.125  0.0000084
3.126  0.0000083
3.127  0.0000081
3.128  0.0000080
3.129  0.0000079
3.130  0.0000078
3.131  0.0000077
3.132  0.0000075
3.133  0.0000074
3.134  0.0000073
3.135  0.0000072
3.136  0.0000071
3.137  0.0000070
3.138  0.0000069
3.139  0.0000068
3.140  0.0000067
3.141  0.0000066
3.142  0.0000065
3.143  0.0000064
3.144  0.0000063
3.145  0.0000062
3.146  0.0000061
3.147  0.0000060
3.148  0.0000059
3.149  0.0000058
3.150  0.0000058
3.151  0.0000057
3.152  0.0000056
3.153  0.0000055
3.154  0.0000054
3.155  0.0000053
3.156  0.0000053
3.157  0.0000052
3.158  0.0000051
3.159  0.0000050
3.160  0.0000049
3.161  0.0000049
3.162  0.0000048
3.163  0.0000047
3.164  0.0000047
3.165  0.0000046
3.166  0.0000045
3.167  0.0000044
3.168  0.0000044
3.169  0.0000043
3.170  0.0000042
3.171  0.0000042
3.172  0.0000041
3.173  0.0000041
3.174  0.0000040
3.175  0.0000039
3.176  0.0000039
3.177  0.0000038
3.178  0.0000038
3.179  0.0000037
3.180  0.0000037
3.181  0.0000036
3.182  0.0000035
3.183  0.0000035
3.184  0.0000034
3.185  0.0000034
3.186  0.0000033
3.187  0.0000033
3.188  0.0000032
3.189  0.0000032
3.190  0.0000031
3.191  0.0000031
3.192  0.0000030
3.193  0.0000030
3.194  0.0000030
3.195  0.0000029
3.196  0.0000029
3.197  0.0000028
3.198  0.0000028
3.199  0.0000027
3.200  0.0000027
3.201  0.0000027
3.202  0.0000026
3.203  0.0000026
3.204  0.0000025
3.205  0.0000025
3.206  0.0000025
3.207  0.0000024
3.208  0.0000024
3.209  0.0000023
3.210  0.0000023
3.211  0.0000023
3.212  0.0000022
3.213  0.0000022
3.214  0.0000022
3.215  0.0000021
3.216  0.0000021
3.217  0.0000021
3.218  0.0000020
3.219  0.0000020
3.220  0.0000020
3.221  0.0000020
3.222  0.0000019
3.223  0.0000019
3.224  0.0000019
3.225  0.0000018
3.226  0.0000018
3.227  0.0000018
3.228  0.0000018
3.229  0.0000017
3.230  0.0000017
3.231  0.0000017
3.232  0.0000017
3.233  0.0000016
3.234  0.0000016
3.235  0.0000016
3.236  0.0000016
3.237  0.0000015
3.238  0.0000015
3.239  0.0000015
3.240  0.0000015
3.241  0.0000014
3.242  0.0000014
3.243  0.0000014
3.244  0.0000014
3.245  0.0000014
3.246  0.0000013
3.247  0.0000013
3.248  0.0000013
3.249  0.0000013
3.250  0.0000013
3.251  0.0000012
3.252  0.0000012
3.253  0.0000012
3.254  0.0000012
3.255  0.0000012
3.256  0.0000011
3.257  0.0000011
3.258  0.0000011
3.259  0.0000011
3.260  0.0000011
3.261  0.0000011
3.262  0.0000010
3.263  0.0000010
3.264  0.0000010
3.265  0.0000010
3.266  0.0000010
3.267  0.0000010
3.268  0.0000009
3.269  0.0000009
3.270  0.0000009
3.271  0.0000009
3.272  0.0000009
3.273  0.0000009
3.274  0.0000009
3.275  0.0000009
3.276  0.0000008
3.277  0.0000008
3.278  0.0000008
3.279  0.0000008
3.280  0.0000008
3.281  0.0000008
3.282  0.0000008
3.283  0.0000008
3.284  0.0000007
3.285  0.0000007
3.286  0.0000007
3.287  0.0000007
3.288  0.0000007
3.289  0.0000007
3.290  0.0000007
3.291  0.0000007
3.292  0.0000007
3.293  0.0000006
3.294  0.0000006
3.295  0.0000006
3.296  0.0000006
3.297  0.0000006
3.298  0.0000006
3.299  0.0000006
3.300  0.0000006
3.301  0.0000006
3.302  0.0000006
3.303  0.0000006
3.304  0.0000005
3.305  0.0000005
3.306  0.0000005
3.307  0.0000005
3.308  0.0000005
3.309  0.0000005
3.310  0.0000005
3.311  0.0000005
3.312  0.0000005
3.313  0.0000005
3.314  0.0000005
3.315  0.0000005
3.316  0.0000004
3.317  0.0000004
3.318  0.0000004
3.319  0.0000004
3.320  0.0000004
3.321  0.0000004
3.322  0.0000004
3.323  0.0000004
3.324  0.0000004
3.325  0.0000004
3.326  0.0000004
3.327  0.0000004
3.328  0.0000004
3.329  0.0000004
3.330  0.0000004
3.331  0.0000004
3.332  0.0000004
3.333  0.0000003
3.334  0.0000003
3.335  0.0000003
3.336  0.0000003
3.337  0.0000003
3.338  0.0000003
3.339  0.0000003
3.340  0.0000003
3.341  0.0000003
3.342  0.0000003
3.343  0.0000003
3.344  0.0000003
3.345  0.0000003
3.346  0.0000003
3.347  0.0000003
3.348  0.0000003
3.349  0.0000003
3.350  0.0000003
3.351  0.0000003
3.352  0.0000003
3.353  0.0000003
3.354  0.0000002
3.355  0.0000002
3.356  0.0000002
3.357  0.0000002
3.358  0.0000002
3.359  0.0000002
3.360  0.0000002
3.361  0.0000002
3.362  0.0000002
3.363  0.0000002
3.364  0.0000002
3.365  0.0000002
3.366  0.0000002
3.367  0.0000002
3.368  0.0000002
3.369  0.0000002
3.370  0.0000002
3.371  0.0000002
3.372  0.0000002
3.373  0.0000002
3.374  0.0000002
3.375  0.0000002
3.376  0.0000002
3.377  0.0000002
3.378  0.0000002
3.379  0.0000002
3.380  0.0000002
3.381  0.0000002
3.382  0.0000002
3.383  0.0000002
3.384  0.0000002
3.385  0.0000002
3.386  0.0000001
3.387  0.0000001
3.388  0.0000001
3.389  0.0000001
3.390  0.0000001
3.391  0.0000001
3.392  0.0000001
3.393  0.0000001
3.394  0.0000001
3.395  0.0000001
3.396  0.0000001
3.397  0.0000001
3.398  0.0000001
3.399  0.0000001
3.400  0.0000001
3.401  0.0000001
3.402  0.0000001
3.403  0.0000001
3.404  0.0000001
3.405  0.0000001
3.406  0.0000001
3.407  0.0000001
3.408  0.0000001
3.409  0.0000001
3.410  0.0000001
3.411  0.0000001
3.412  0.0000001
3.413  0.0000001
3.414  0.0000001
3.415  0.0000001
3.416  0.0000001
3.417  0.0000001
3.418  0.0000001
3.419  0.0000001
3.420  0.0000001
3.421  0.0000001
3.422  0.0000001
3.423  0.0000001
3.424  0.0000001
3.425  0.0000001
3.426  0.0000001
3.427  0.0000001
3.428  0.0000001
3.429  0.0000001
3.430  0.0000001
3.431  0.0000001
3.432  0.0000001
3.433  0.0000001
3.434  0.0000001
3.435  0.0000001
3.436  0.0000001
3.437  0.0000001
3.438  0.0000001
3.439  0.0000001
3.440  0.0000001
3.441  0.0000001
3.442  0.0000001
3.443  0.0000001
3.444  0.0000001
3.445  0.0000001
3.446  0.0000001
3.447  0.0000001
3.448  0.0000001
3.449  0.0000001
3.450  0.0000001
3.451  0.0000001
3.452  0.0000001
3.453  0.0000001
3.454  0.0000001
3.455  0.0000001
3.456  0.0000000
3.457  0.0000000
3.458  0.0000000
3.459  0.0000000
3.460  0.0000000
3.461  0.0000000
3.462  0.0000000
3.463  0.0000000
3.464  0.0000000
3.465  0.0000000
3.466  0.0000000
3.467  0.0000000
3.468  0.0000000
3.469  0.0000000
3.470  0.0000000
3.471  0.0000000
3.472  0.0000000
3.473  0.0000000
3.474  0.0000000
3.475  0.0000000
3.476  0.0000000
3.477  0.0000000
3.478  0.0000000
3.479  0.0000000
3.480  0.0000000
3.481  0.0000000
3.482  0.0000000
3.483  0.0000000
3.484  0.0000000
3.485  0.0000000
3.486  0.0000000
3.487  0.0000000
3.488  0.0000000
3.489  0.0000000
3.490  0.0000000
3.491  0.0000000
3.492  0.0000000
3.493  0.0000000
3.494  0.0000000
3.495  0.0000000
3.496  0.0000000
3.497  0.0000000
3.498  0.0000000
3.499  0.0000000
3.500  0.0000000
3.501  0.0000000
3.502  0.0000000
3.503  0.0000000
3.504  0.0000000
3.505  0.0000000
3.506  0.0000000
3.507  0.0000000
3.508  0.0000000
3.509  0.0000000
3.510  0.0000000
3.511  0.0000000
3.512  0.0000000
3.513  0.0000000
3.514  0.0000000
3.515  0.0000000
3.516  0.0000000
3.517  0.0000000
3.518  0.0000000
3.519  0.0000000
3.520  0.0000000
3.521  0.0000000
3.522  0.0000000
3.523  0.0000000
3.524  0.0000000
3.525  0.0000000
3.526  0.0000000
3.527  0.0000000
3.528  0.0000000
3.529  0.0000000
3.530  0.0000000
3.531  0.0000000
3.532  0.0000000
3.533  0.0000000
3.534  0.0000000
3.535  0.0000000
3.536  0.0000000
3.537  0.0000000
3.538  0.0000000
3.539  0.0000000
3.540  0.0000000
3.541  0.0000000
3.542  0.0000000
3.543  0.0000000
3.544  0.0000000
3.545  0.0000000
3.546  0.0000000
3.547  0.0000000
3.548  0.0000000
3.549  0.0000000
3.550  0.0000000
3.551  0.0000000
3.552  0.0000000
3.553  0.0000000
3.554  0.0000000
3.555  0.0000000
3.556  0.0000000
3.557  0.0000000
3.558  0.0000000
3.559  0.0000000
3.560  0.0000000
3.561  0.0000000
3.562  0.0000000
3.563  0.0000000
3.564  0.0000000
3.565  0.0000000
3.566  0.0000000
3.567  0.0000000
3.568  0.0000000
3.569  0.0000000
3.570  0.0000000
3.571  0.0000000
3.572  0.0000000
3.573  0.0000000
3.574  0.0000000
3.575  0.0000000
3.576  0.0000000
3.577  0.0000000
3.578  0.0000000
3.579  0.0000000
3.580  0.0000000
3.581  0.0000000
3.582  0.0000000
3.583  0.0000000
3.584  0.0000000
3.585  0.0000000
3.586  0.0000000
3.587  0.0000000
3.588  0.0000000
3.589  0.0000000
3.590  0.0000000
3.591  0.0000000
3.592  0.0000000
3.593  0.0000000
3.594  0.0000000
3.595  0.0000000
3.596  0.0000000
3.597  0.0000000
3.598  0.0000000
3.599  0.0000000
3.600  0.0000000
3.601  0.0000000
3.602  0.0000000
3.603  0.0000000
3.604  0.0000000
3.605  0.0000000
3.606  0.0000000
3.607  0.0000000
3.608  0.0000000
3.609  0.0000000
3.610  0.0000000
3.611  0.0000000
3.612  0.0000000
3.613  0.0000000
3.614  0.0000000
3.615  0.0000000
3.616  0.0000000
3.617  0.0000000
3.618  0.0000000
3.619  0.0000000
3.620  0.0000000
3.621  0.0000000
3.622  0.0000000
3.623  0.0000000
3.624  0.0000000
3.625  0.0000000
3.626  0.0000000
3.627  0.0000000
3.628  0.0000000
3.629  0.0000000
3.630  0.0000000
3.631  0.0000000
3.632  0.0000000
3.633  0.0000000
3.634  0.0000000
3.635  0.0000000
3.636  0.0000000
3.637  0.0000000
3.638  0.0000000
3.639  0.0000000
3.640  0.0000000
3.641  0.0000000
3.642  0.0000000
3.643  0.0000000
3.644  0.0000000
3.645  0.0000000
3.646  0.0000000
3.647  0.0000000
3.648  0.0000000
3.649  0.0000000
3.650  0.0000000
3.651  0.0000000
3.652  0.0000000
3.653  0.0000000
3.654  0.0000000
3.655  0.0000000
3.656  0.0000000
3.657  0.0000000
3.658  0.0000000
3.659  0.0000000
3.660  0.0000000
3.661  0.0000000
3.662  0.0000000
3.663  0.0000000
3.664  0.0000000
3.665  0.0000000
3.666  0.0000000
3.667  0.0000000
3.668  0.0000000
3.669  0.0000000
3.670  0.0000000
3.671  0.0000000
3.672  0.0000000
3.673  0.0000000
3.674  0.0000000
3.675  0.0000000
3.676  0.0000000
3.677  0.0000000
3.678  0.0000000
3.679  0.0000000
3.680  0.0000000
3.681  0.0000000
3.682  0.0000000
3.683  0.0000000
3.684  0.0000000
3.685  0.0000000
3.686  0.0000000
3.687  0.0000000
3.688  0.0000000
3.689  0.0000000
3.690  0.0000000
3.691  0.0000000
3.692  0.0000000
3.693  0.0000000
3.694  0.0000000
3.695  0.0000000
3.696  0.0000000
3.697  0.0000000
3.698  0.0000000

