# Solution of radial Schr. equation for   E(v=  7,J=  0) =  -8522.8453519
# ----------------------------------------------------------------------------
0.205 -0.0000000
0.206 -0.0000000
0.207 -0.0000000
0.208 -0.0000000
0.209 -0.0000000
0.210 -0.0000000
0.211 -0.0000000
0.212 -0.0000000
0.213 -0.0000000
0.214 -0.0000000
0.215 -0.0000000
0.216 -0.0000000
0.217 -0.0000000
0.218 -0.0000000
0.219 -0.0000000
0.220 -0.0000000
0.221 -0.0000000
0.222 -0.0000000
0.223 -0.0000000
0.224 -0.0000000
0.225 -0.0000000
0.226 -0.0000000
0.227 -0.0000000
0.228 -0.0000000
0.229 -0.0000000
0.230 -0.0000000
0.231 -0.0000000
0.232 -0.0000000
0.233 -0.0000000
0.234 -0.0000000
0.235 -0.0000000
0.236 -0.0000000
0.237 -0.0000000
0.238 -0.0000000
0.239 -0.0000000
0.240 -0.0000000
0.241 -0.0000000
0.242 -0.0000000
0.243 -0.0000000
0.244 -0.0000000
0.245 -0.0000000
0.246 -0.0000001
0.247 -0.0000001
0.248 -0.0000001
0.249 -0.0000001
0.250 -0.0000001
0.251 -0.0000001
0.252 -0.0000001
0.253 -0.0000001
0.254 -0.0000001
0.255 -0.0000001
0.256 -0.0000001
0.257 -0.0000001
0.258 -0.0000001
0.259 -0.0000001
0.260 -0.0000002
0.261 -0.0000002
0.262 -0.0000002
0.263 -0.0000002
0.264 -0.0000002
0.265 -0.0000002
0.266 -0.0000002
0.267 -0.0000003
0.268 -0.0000003
0.269 -0.0000003
0.270 -0.0000003
0.271 -0.0000003
0.272 -0.0000004
0.273 -0.0000004
0.274 -0.0000004
0.275 -0.0000005
0.276 -0.0000005
0.277 -0.0000005
0.278 -0.0000006
0.279 -0.0000006
0.280 -0.0000007
0.281 -0.0000007
0.282 -0.0000008
0.283 -0.0000008
0.284 -0.0000009
0.285 -0.0000009
0.286 -0.0000010
0.287 -0.0000011
0.288 -0.0000012
0.289 -0.0000012
0.290 -0.0000013
0.291 -0.0000014
0.292 -0.0000015
0.293 -0.0000016
0.294 -0.0000017
0.295 -0.0000019
0.296 -0.0000020
0.297 -0.0000021
0.298 -0.0000023
0.299 -0.0000024
0.300 -0.0000026
0.301 -0.0000028
0.302 -0.0000029
0.303 -0.0000031
0.304 -0.0000034
0.305 -0.0000036
0.306 -0.0000038
0.307 -0.0000041
0.308 -0.0000043
0.309 -0.0000046
0.310 -0.0000049
0.311 -0.0000052
0.312 -0.0000056
0.313 -0.0000059
0.314 -0.0000063
0.315 -0.0000067
0.316 -0.0000071
0.317 -0.0000076
0.318 -0.0000081
0.319 -0.0000086
0.320 -0.0000091
0.321 -0.0000097
0.322 -0.0000103
0.323 -0.0000109
0.324 -0.0000116
0.325 -0.0000123
0.326 -0.0000130
0.327 -0.0000138
0.328 -0.0000147
0.329 -0.0000155
0.330 -0.0000165
0.331 -0.0000175
0.332 -0.0000185
0.333 -0.0000196
0.334 -0.0000208
0.335 -0.0000220
0.336 -0.0000233
0.337 -0.0000247
0.338 -0.0000261
0.339 -0.0000276
0.340 -0.0000292
0.341 -0.0000309
0.342 -0.0000327
0.343 -0.0000346
0.344 -0.0000365
0.345 -0.0000386
0.346 -0.0000408
0.347 -0.0000431
0.348 -0.0000455
0.349 -0.0000481
0.350 -0.0000508
0.351 -0.0000536
0.352 -0.0000566
0.353 -0.0000597
0.354 -0.0000630
0.355 -0.0000664
0.356 -0.0000700
0.357 -0.0000738
0.358 -0.0000778
0.359 -0.0000820
0.360 -0.0000864
0.361 -0.0000911
0.362 -0.0000959
0.363 -0.0001010
0.364 -0.0001064
0.365 -0.0001120
0.366 -0.0001178
0.367 -0.0001240
0.368 -0.0001305
0.369 -0.0001372
0.370 -0.0001443
0.371 -0.0001518
0.372 -0.0001596
0.373 -0.0001677
0.374 -0.0001763
0.375 -0.0001852
0.376 -0.0001946
0.377 -0.0002044
0.378 -0.0002146
0.379 -0.0002254
0.380 -0.0002366
0.381 -0.0002483
0.382 -0.0002606
0.383 -0.0002734
0.384 -0.0002869
0.385 -0.0003009
0.386 -0.0003155
0.387 -0.0003308
0.388 -0.0003468
0.389 -0.0003635
0.390 -0.0003809
0.391 -0.0003991
0.392 -0.0004181
0.393 -0.0004379
0.394 -0.0004585
0.395 -0.0004801
0.396 -0.0005026
0.397 -0.0005261
0.398 -0.0005505
0.399 -0.0005760
0.400 -0.0006026
0.401 -0.0006303
0.402 -0.0006591
0.403 -0.0006892
0.404 -0.0007205
0.405 -0.0007531
0.406 -0.0007870
0.407 -0.0008224
0.408 -0.0008592
0.409 -0.0008975
0.410 -0.0009373
0.411 -0.0009787
0.412 -0.0010219
0.413 -0.0010667
0.414 -0.0011133
0.415 -0.0011618
0.416 -0.0012122
0.417 -0.0012645
0.418 -0.0013189
0.419 -0.0013755
0.420 -0.0014342
0.421 -0.0014952
0.422 -0.0015586
0.423 -0.0016243
0.424 -0.0016926
0.425 -0.0017635
0.426 -0.0018370
0.427 -0.0019133
0.428 -0.0019925
0.429 -0.0020746
0.430 -0.0021598
0.431 -0.0022482
0.432 -0.0023397
0.433 -0.0024347
0.434 -0.0025331
0.435 -0.0026350
0.436 -0.0027407
0.437 -0.0028501
0.438 -0.0029635
0.439 -0.0030809
0.440 -0.0032025
0.441 -0.0033284
0.442 -0.0034587
0.443 -0.0035935
0.444 -0.0037331
0.445 -0.0038775
0.446 -0.0040269
0.447 -0.0041814
0.448 -0.0043412
0.449 -0.0045065
0.450 -0.0046773
0.451 -0.0048539
0.452 -0.0050365
0.453 -0.0052251
0.454 -0.0054200
0.455 -0.0056214
0.456 -0.0058294
0.457 -0.0060442
0.458 -0.0062660
0.459 -0.0064950
0.460 -0.0067315
0.461 -0.0069755
0.462 -0.0072273
0.463 -0.0074872
0.464 -0.0077553
0.465 -0.0080319
0.466 -0.0083171
0.467 -0.0086112
0.468 -0.0089145
0.469 -0.0092272
0.470 -0.0095495
0.471 -0.0098816
0.472 -0.0102239
0.473 -0.0105766
0.474 -0.0109399
0.475 -0.0113141
0.476 -0.0116994
0.477 -0.0120962
0.478 -0.0125048
0.479 -0.0129253
0.480 -0.0133582
0.481 -0.0138037
0.482 -0.0142621
0.483 -0.0147336
0.484 -0.0152187
0.485 -0.0157176
0.486 -0.0162307
0.487 -0.0167582
0.488 -0.0173006
0.489 -0.0178580
0.490 -0.0184310
0.491 -0.0190198
0.492 -0.0196247
0.493 -0.0202462
0.494 -0.0208846
0.495 -0.0215402
0.496 -0.0222134
0.497 -0.0229046
0.498 -0.0236142
0.499 -0.0243426
0.500 -0.0250901
0.501 -0.0258571
0.502 -0.0266441
0.503 -0.0274514
0.504 -0.0282795
0.505 -0.0291287
0.506 -0.0299995
0.507 -0.0308924
0.508 -0.0318076
0.509 -0.0327457
0.510 -0.0337071
0.511 -0.0346922
0.512 -0.0357014
0.513 -0.0367353
0.514 -0.0377943
0.515 -0.0388787
0.516 -0.0399892
0.517 -0.0411260
0.518 -0.0422898
0.519 -0.0434810
0.520 -0.0447000
0.521 -0.0459473
0.522 -0.0472234
0.523 -0.0485287
0.524 -0.0498638
0.525 -0.0512292
0.526 -0.0526253
0.527 -0.0540526
0.528 -0.0555116
0.529 -0.0570028
0.530 -0.0585267
0.531 -0.0600838
0.532 -0.0616746
0.533 -0.0632996
0.534 -0.0649592
0.535 -0.0666541
0.536 -0.0683846
0.537 -0.0701513
0.538 -0.0719548
0.539 -0.0737954
0.540 -0.0756737
0.541 -0.0775902
0.542 -0.0795454
0.543 -0.0815398
0.544 -0.0835739
0.545 -0.0856481
0.546 -0.0877630
0.547 -0.0899191
0.548 -0.0921169
0.549 -0.0943568
0.550 -0.0966393
0.551 -0.0989649
0.552 -0.1013340
0.553 -0.1037472
0.554 -0.1062049
0.555 -0.1087076
0.556 -0.1112557
0.557 -0.1138497
0.558 -0.1164900
0.559 -0.1191771
0.560 -0.1219113
0.561 -0.1246932
0.562 -0.1275231
0.563 -0.1304015
0.564 -0.1333287
0.565 -0.1363052
0.566 -0.1393313
0.567 -0.1424074
0.568 -0.1455339
0.569 -0.1487111
0.570 -0.1519395
0.571 -0.1552192
0.572 -0.1585507
0.573 -0.1619343
0.574 -0.1653702
0.575 -0.1688588
0.576 -0.1724004
0.577 -0.1759952
0.578 -0.1796434
0.579 -0.1833453
0.580 -0.1871012
0.581 -0.1909112
0.582 -0.1947755
0.583 -0.1986943
0.584 -0.2026678
0.585 -0.2066961
0.586 -0.2107794
0.587 -0.2149178
0.588 -0.2191113
0.589 -0.2233600
0.590 -0.2276640
0.591 -0.2320234
0.592 -0.2364381
0.593 -0.2409082
0.594 -0.2454336
0.595 -0.2500143
0.596 -0.2546503
0.597 -0.2593414
0.598 -0.2640875
0.599 -0.2688886
0.600 -0.2737444
0.601 -0.2786548
0.602 -0.2836196
0.603 -0.2886386
0.604 -0.2937116
0.605 -0.2988382
0.606 -0.3040181
0.607 -0.3092511
0.608 -0.3145368
0.609 -0.3198748
0.610 -0.3252647
0.611 -0.3307062
0.612 -0.3361987
0.613 -0.3417417
0.614 -0.3473348
0.615 -0.3529774
0.616 -0.3586690
0.617 -0.3644089
0.618 -0.3701965
0.619 -0.3760312
0.620 -0.3819123
0.621 -0.3878390
0.622 -0.3938107
0.623 -0.3998265
0.624 -0.4058857
0.625 -0.4119873
0.626 -0.4181306
0.627 -0.4243146
0.628 -0.4305385
0.629 -0.4368011
0.630 -0.4431016
0.631 -0.4494389
0.632 -0.4558119
0.633 -0.4622196
0.634 -0.4686608
0.635 -0.4751344
0.636 -0.4816392
0.637 -0.4881739
0.638 -0.4947372
0.639 -0.5013280
0.640 -0.5079449
0.641 -0.5145864
0.642 -0.5212513
0.643 -0.5279381
0.644 -0.5346454
0.645 -0.5413715
0.646 -0.5481152
0.647 -0.5548747
0.648 -0.5616485
0.649 -0.5684349
0.650 -0.5752324
0.651 -0.5820393
0.652 -0.5888537
0.653 -0.5956741
0.654 -0.6024985
0.655 -0.6093252
0.656 -0.6161524
0.657 -0.6229781
0.658 -0.6298005
0.659 -0.6366177
0.660 -0.6434276
0.661 -0.6502284
0.662 -0.6570179
0.663 -0.6637941
0.664 -0.6705550
0.665 -0.6772984
0.666 -0.6840223
0.667 -0.6907244
0.668 -0.6974026
0.669 -0.7040546
0.670 -0.7106783
0.671 -0.7172714
0.672 -0.7238316
0.673 -0.7303566
0.674 -0.7368440
0.675 -0.7432916
0.676 -0.7496970
0.677 -0.7560577
0.678 -0.7623713
0.679 -0.7686355
0.680 -0.7748478
0.681 -0.7810057
0.682 -0.7871067
0.683 -0.7931484
0.684 -0.7991282
0.685 -0.8050437
0.686 -0.8108922
0.687 -0.8166713
0.688 -0.8223783
0.689 -0.8280108
0.690 -0.8335660
0.691 -0.8390415
0.692 -0.8444347
0.693 -0.8497429
0.694 -0.8549635
0.695 -0.8600940
0.696 -0.8651317
0.697 -0.8700740
0.698 -0.8749182
0.699 -0.8796619
0.700 -0.8843023
0.701 -0.8888369
0.702 -0.8932631
0.703 -0.8975782
0.704 -0.9017796
0.705 -0.9058648
0.706 -0.9098312
0.707 -0.9136762
0.708 -0.9173973
0.709 -0.9209919
0.710 -0.9244575
0.711 -0.9277916
0.712 -0.9309917
0.713 -0.9340552
0.714 -0.9369798
0.715 -0.9397629
0.716 -0.9424022
0.717 -0.9448953
0.718 -0.9472398
0.719 -0.9494333
0.720 -0.9514735
0.721 -0.9533582
0.722 -0.9550850
0.723 -0.9566517
0.724 -0.9580562
0.725 -0.9592962
0.726 -0.9603696
0.727 -0.9612744
0.728 -0.9620084
0.729 -0.9625696
0.730 -0.9629562
0.731 -0.9631660
0.732 -0.9631973
0.733 -0.9630482
0.734 -0.9627168
0.735 -0.9622015
0.736 -0.9615004
0.737 -0.9606120
0.738 -0.9595346
0.739 -0.9582667
0.740 -0.9568068
0.741 -0.9551534
0.742 -0.9533050
0.743 -0.9512605
0.744 -0.9490185
0.745 -0.9465777
0.746 -0.9439371
0.747 -0.9410955
0.748 -0.9380519
0.749 -0.9348053
0.750 -0.9313548
0.751 -0.9276996
0.752 -0.9238388
0.753 -0.9197719
0.754 -0.9154981
0.755 -0.9110169
0.756 -0.9063278
0.757 -0.9014304
0.758 -0.8963243
0.759 -0.8910093
0.760 -0.8854851
0.761 -0.8797517
0.762 -0.8738089
0.763 -0.8676568
0.764 -0.8612956
0.765 -0.8547254
0.766 -0.8479465
0.767 -0.8409592
0.768 -0.8337639
0.769 -0.8263612
0.770 -0.8187517
0.771 -0.8109360
0.772 -0.8029149
0.773 -0.7946892
0.774 -0.7862599
0.775 -0.7776279
0.776 -0.7687944
0.777 -0.7597605
0.778 -0.7505275
0.779 -0.7410968
0.780 -0.7314698
0.781 -0.7216479
0.782 -0.7116329
0.783 -0.7014264
0.784 -0.6910301
0.785 -0.6804460
0.786 -0.6696760
0.787 -0.6587222
0.788 -0.6475866
0.789 -0.6362715
0.790 -0.6247791
0.791 -0.6131119
0.792 -0.6012723
0.793 -0.5892629
0.794 -0.5770862
0.795 -0.5647450
0.796 -0.5522422
0.797 -0.5395805
0.798 -0.5267630
0.799 -0.5137927
0.800 -0.5006727
0.801 -0.4874062
0.802 -0.4739965
0.803 -0.4604470
0.804 -0.4467612
0.805 -0.4329425
0.806 -0.4189945
0.807 -0.4049209
0.808 -0.3907255
0.809 -0.3764120
0.810 -0.3619844
0.811 -0.3474466
0.812 -0.3328027
0.813 -0.3180567
0.814 -0.3032128
0.815 -0.2882753
0.816 -0.2732484
0.817 -0.2581364
0.818 -0.2429439
0.819 -0.2276753
0.820 -0.2123351
0.821 -0.1969280
0.822 -0.1814585
0.823 -0.1659314
0.824 -0.1503514
0.825 -0.1347234
0.826 -0.1190522
0.827 -0.1033427
0.828 -0.0875998
0.829 -0.0718286
0.830 -0.0560341
0.831 -0.0402213
0.832 -0.0243954
0.833 -0.0085614
0.834  0.0072753
0.835  0.0231096
0.836  0.0389363
0.837  0.0547501
0.838  0.0705456
0.839  0.0863177
0.840  0.1020608
0.841  0.1177698
0.842  0.1334392
0.843  0.1490635
0.844  0.1646375
0.845  0.1801557
0.846  0.1956127
0.847  0.2110030
0.848  0.2263213
0.849  0.2415621
0.850  0.2567199
0.851  0.2717894
0.852  0.2867651
0.853  0.3016417
0.854  0.3164137
0.855  0.3310757
0.856  0.3456224
0.857  0.3600484
0.858  0.3743484
0.859  0.3885171
0.860  0.4025492
0.861  0.4164395
0.862  0.4301827
0.863  0.4437736
0.864  0.4572072
0.865  0.4704782
0.866  0.4835816
0.867  0.4965124
0.868  0.5092656
0.869  0.5218362
0.870  0.5342193
0.871  0.5464102
0.872  0.5584039
0.873  0.5701959
0.874  0.5817814
0.875  0.5931558
0.876  0.6043146
0.877  0.6152532
0.878  0.6259674
0.879  0.6364527
0.880  0.6467049
0.881  0.6567197
0.882  0.6664932
0.883  0.6760211
0.884  0.6852997
0.885  0.6943250
0.886  0.7030932
0.887  0.7116006
0.888  0.7198437
0.889  0.7278189
0.890  0.7355227
0.891  0.7429520
0.892  0.7501033
0.893  0.7569737
0.894  0.7635600
0.895  0.7698594
0.896  0.7758690
0.897  0.7815860
0.898  0.7870080
0.899  0.7921324
0.900  0.7969567
0.901  0.8014788
0.902  0.8056964
0.903  0.8096075
0.904  0.8132102
0.905  0.8165027
0.906  0.8194832
0.907  0.8221501
0.908  0.8245021
0.909  0.8265378
0.910  0.8282559
0.911  0.8296554
0.912  0.8307354
0.913  0.8314949
0.914  0.8319332
0.915  0.8320499
0.916  0.8318444
0.917  0.8313164
0.918  0.8304657
0.919  0.8292923
0.920  0.8277961
0.921  0.8259775
0.922  0.8238367
0.923  0.8213741
0.924  0.8185904
0.925  0.8154863
0.926  0.8120627
0.927  0.8083204
0.928  0.8042607
0.929  0.7998848
0.930  0.7951941
0.931  0.7901900
0.932  0.7848742
0.933  0.7792485
0.934  0.7733147
0.935  0.7670750
0.936  0.7605315
0.937  0.7536864
0.938  0.7465422
0.939  0.7391014
0.940  0.7313667
0.941  0.7233409
0.942  0.7150269
0.943  0.7064278
0.944  0.6975467
0.945  0.6883870
0.946  0.6789519
0.947  0.6692452
0.948  0.6592703
0.949  0.6490311
0.950  0.6385315
0.951  0.6277755
0.952  0.6167671
0.953  0.6055106
0.954  0.5940103
0.955  0.5822707
0.956  0.5702963
0.957  0.5580917
0.958  0.5456618
0.959  0.5330112
0.960  0.5201451
0.961  0.5070685
0.962  0.4937864
0.963  0.4803042
0.964  0.4666271
0.965  0.4527606
0.966  0.4387102
0.967  0.4244814
0.968  0.4100800
0.969  0.3955116
0.970  0.3807822
0.971  0.3658975
0.972  0.3508636
0.973  0.3356865
0.974  0.3203724
0.975  0.3049273
0.976  0.2893576
0.977  0.2736695
0.978  0.2578694
0.979  0.2419637
0.980  0.2259588
0.981  0.2098613
0.982  0.1936777
0.983  0.1774146
0.984  0.1610786
0.985  0.1446765
0.986  0.1282148
0.987  0.1117005
0.988  0.0951402
0.989  0.0785407
0.990  0.0619088
0.991  0.0452515
0.992  0.0285755
0.993  0.0118877
0.994 -0.0048050
0.995 -0.0214958
0.996 -0.0381776
0.997 -0.0548437
0.998 -0.0714871
0.999 -0.0881009
1.000 -0.1046783
1.001 -0.1212123
1.002 -0.1376962
1.003 -0.1541231
1.004 -0.1704861
1.005 -0.1867784
1.006 -0.2029933
1.007 -0.2191240
1.008 -0.2351638
1.009 -0.2511060
1.010 -0.2669440
1.011 -0.2826711
1.012 -0.2982808
1.013 -0.3137665
1.014 -0.3291218
1.015 -0.3443403
1.016 -0.3594155
1.017 -0.3743413
1.018 -0.3891113
1.019 -0.4037193
1.020 -0.4181593
1.021 -0.4324251
1.022 -0.4465108
1.023 -0.4604105
1.024 -0.4741184
1.025 -0.4876286
1.026 -0.5009356
1.027 -0.5140337
1.028 -0.5269174
1.029 -0.5395814
1.030 -0.5520202
1.031 -0.5642287
1.032 -0.5762018
1.033 -0.5879343
1.034 -0.5994214
1.035 -0.6106582
1.036 -0.6216401
1.037 -0.6323623
1.038 -0.6428204
1.039 -0.6530099
1.040 -0.6629267
1.041 -0.6725664
1.042 -0.6819251
1.043 -0.6909989
1.044 -0.6997838
1.045 -0.7082762
1.046 -0.7164726
1.047 -0.7243694
1.048 -0.7319634
1.049 -0.7392514
1.050 -0.7462302
1.051 -0.7528971
1.052 -0.7592491
1.053 -0.7652836
1.054 -0.7709981
1.055 -0.7763902
1.056 -0.7814576
1.057 -0.7861982
1.058 -0.7906100
1.059 -0.7946911
1.060 -0.7984399
1.061 -0.8018548
1.062 -0.8049344
1.063 -0.8076774
1.064 -0.8100826
1.065 -0.8121491
1.066 -0.8138760
1.067 -0.8152626
1.068 -0.8163084
1.069 -0.8170128
1.070 -0.8173758
1.071 -0.8173970
1.072 -0.8170766
1.073 -0.8164147
1.074 -0.8154116
1.075 -0.8140677
1.076 -0.8123837
1.077 -0.8103603
1.078 -0.8079983
1.079 -0.8052989
1.080 -0.8022631
1.081 -0.7988922
1.082 -0.7951878
1.083 -0.7911514
1.084 -0.7867847
1.085 -0.7820896
1.086 -0.7770682
1.087 -0.7717225
1.088 -0.7660548
1.089 -0.7600676
1.090 -0.7537634
1.091 -0.7471449
1.092 -0.7402149
1.093 -0.7329763
1.094 -0.7254323
1.095 -0.7175859
1.096 -0.7094407
1.097 -0.7009999
1.098 -0.6922673
1.099 -0.6832464
1.100 -0.6739411
1.101 -0.6643554
1.102 -0.6544932
1.103 -0.6443588
1.104 -0.6339564
1.105 -0.6232904
1.106 -0.6123654
1.107 -0.6011858
1.108 -0.5897565
1.109 -0.5780823
1.110 -0.5661680
1.111 -0.5540186
1.112 -0.5416394
1.113 -0.5290354
1.114 -0.5162119
1.115 -0.5031745
1.116 -0.4899284
1.117 -0.4764793
1.118 -0.4628327
1.119 -0.4489945
1.120 -0.4349704
1.121 -0.4207662
1.122 -0.4063879
1.123 -0.3918416
1.124 -0.3771331
1.125 -0.3622688
1.126 -0.3472548
1.127 -0.3320973
1.128 -0.3168027
1.129 -0.3013773
1.130 -0.2858276
1.131 -0.2701599
1.132 -0.2543808
1.133 -0.2384968
1.134 -0.2225146
1.135 -0.2064407
1.136 -0.1902818
1.137 -0.1740446
1.138 -0.1577358
1.139 -0.1413621
1.140 -0.1249303
1.141 -0.1084471
1.142 -0.0919194
1.143 -0.0753539
1.144 -0.0587576
1.145 -0.0421371
1.146 -0.0254993
1.147 -0.0088511
1.148  0.0078008
1.149  0.0244495
1.150  0.0410881
1.151  0.0577100
1.152  0.0743082
1.153  0.0908760
1.154  0.1074067
1.155  0.1238936
1.156  0.1403298
1.157  0.1567088
1.158  0.1730239
1.159  0.1892684
1.160  0.2054357
1.161  0.2215194
1.162  0.2375129
1.163  0.2534097
1.164  0.2692035
1.165  0.2848878
1.166  0.3004563
1.167  0.3159029
1.168  0.3312211
1.169  0.3464050
1.170  0.3614484
1.171  0.3763453
1.172  0.3910898
1.173  0.4056759
1.174  0.4200978
1.175  0.4343498
1.176  0.4484262
1.177  0.4623214
1.178  0.4760299
1.179  0.4895463
1.180  0.5028653
1.181  0.5159815
1.182  0.5288898
1.183  0.5415851
1.184  0.5540624
1.185  0.5663169
1.186  0.5783437
1.187  0.5901381
1.188  0.6016955
1.189  0.6130115
1.190  0.6240816
1.191  0.6349015
1.192  0.6454671
1.193  0.6557743
1.194  0.6658190
1.195  0.6755975
1.196  0.6851060
1.197  0.6943409
1.198  0.7032986
1.199  0.7119757
1.200  0.7203690
1.201  0.7284753
1.202  0.7362915
1.203  0.7438147
1.204  0.7510422
1.205  0.7579711
1.206  0.7645991
1.207  0.7709235
1.208  0.7769422
1.209  0.7826529
1.210  0.7880535
1.211  0.7931422
1.212  0.7979171
1.213  0.8023765
1.214  0.8065190
1.215  0.8103430
1.216  0.8138473
1.217  0.8170307
1.218  0.8198921
1.219  0.8224308
1.220  0.8246458
1.221  0.8265366
1.222  0.8281026
1.223  0.8293434
1.224  0.8302588
1.225  0.8308486
1.226  0.8311129
1.227  0.8310518
1.228  0.8306655
1.229  0.8299543
1.230  0.8289190
1.231  0.8275599
1.232  0.8258781
1.233  0.8238742
1.234  0.8215493
1.235  0.8189047
1.236  0.8159414
1.237  0.8126610
1.238  0.8090649
1.239  0.8051548
1.240  0.8009325
1.241  0.7963997
1.242  0.7915584
1.243  0.7864109
1.244  0.7809593
1.245  0.7752060
1.246  0.7691533
1.247  0.7628039
1.248  0.7561605
1.249  0.7492258
1.250  0.7420028
1.251  0.7344943
1.252  0.7267037
1.253  0.7186340
1.254  0.7102885
1.255  0.7016708
1.256  0.6927843
1.257  0.6836326
1.258  0.6742195
1.259  0.6645487
1.260  0.6546242
1.261  0.6444499
1.262  0.6340300
1.263  0.6233685
1.264  0.6124699
1.265  0.6013383
1.266  0.5899782
1.267  0.5783942
1.268  0.5665908
1.269  0.5545726
1.270  0.5423444
1.271  0.5299111
1.272  0.5172774
1.273  0.5044483
1.274  0.4914288
1.275  0.4782241
1.276  0.4648391
1.277  0.4512792
1.278  0.4375496
1.279  0.4236555
1.280  0.4096024
1.281  0.3953956
1.282  0.3810406
1.283  0.3665430
1.284  0.3519082
1.285  0.3371419
1.286  0.3222496
1.287  0.3072371
1.288  0.2921101
1.289  0.2768743
1.290  0.2615354
1.291  0.2460993
1.292  0.2305717
1.293  0.2149586
1.294  0.1992658
1.295  0.1834992
1.296  0.1676646
1.297  0.1517681
1.298  0.1358155
1.299  0.1198127
1.300  0.1037658
1.301  0.0876806
1.302  0.0715632
1.303  0.0554195
1.304  0.0392554
1.305  0.0230768
1.306  0.0068899
1.307 -0.0092996
1.308 -0.0254857
1.309 -0.0416625
1.310 -0.0578241
1.311 -0.0739646
1.312 -0.0900780
1.313 -0.1061587
1.314 -0.1222008
1.315 -0.1381984
1.316 -0.1541459
1.317 -0.1700374
1.318 -0.1858673
1.319 -0.2016298
1.320 -0.2173195
1.321 -0.2329305
1.322 -0.2484575
1.323 -0.2638949
1.324 -0.2792372
1.325 -0.2944789
1.326 -0.3096148
1.327 -0.3246394
1.328 -0.3395475
1.329 -0.3543338
1.330 -0.3689933
1.331 -0.3835207
1.332 -0.3979110
1.333 -0.4121592
1.334 -0.4262604
1.335 -0.4402096
1.336 -0.4540022
1.337 -0.4676333
1.338 -0.4810982
1.339 -0.4943924
1.340 -0.5075114
1.341 -0.5204505
1.342 -0.5332056
1.343 -0.5457722
1.344 -0.5581460
1.345 -0.5703231
1.346 -0.5822991
1.347 -0.5940703
1.348 -0.6056325
1.349 -0.6169821
1.350 -0.6281152
1.351 -0.6390282
1.352 -0.6497174
1.353 -0.6601794
1.354 -0.6704108
1.355 -0.6804082
1.356 -0.6901685
1.357 -0.6996884
1.358 -0.7089649
1.359 -0.7179950
1.360 -0.7267760
1.361 -0.7353050
1.362 -0.7435793
1.363 -0.7515964
1.364 -0.7593537
1.365 -0.7668489
1.366 -0.7740797
1.367 -0.7810438
1.368 -0.7877392
1.369 -0.7941639
1.370 -0.8003160
1.371 -0.8061936
1.372 -0.8117951
1.373 -0.8171189
1.374 -0.8221634
1.375 -0.8269272
1.376 -0.8314090
1.377 -0.8356077
1.378 -0.8395220
1.379 -0.8431511
1.380 -0.8464940
1.381 -0.8495498
1.382 -0.8523179
1.383 -0.8547977
1.384 -0.8569887
1.385 -0.8588904
1.386 -0.8605026
1.387 -0.8618250
1.388 -0.8628576
1.389 -0.8636002
1.390 -0.8640531
1.391 -0.8642164
1.392 -0.8640903
1.393 -0.8636754
1.394 -0.8629719
1.395 -0.8619806
1.396 -0.8607020
1.397 -0.8591370
1.398 -0.8572864
1.399 -0.8551512
1.400 -0.8527323
1.401 -0.8500310
1.402 -0.8470485
1.403 -0.8437861
1.404 -0.8402452
1.405 -0.8364273
1.406 -0.8323340
1.407 -0.8279669
1.408 -0.8233279
1.409 -0.8184188
1.410 -0.8132416
1.411 -0.8077982
1.412 -0.8020907
1.413 -0.7961214
1.414 -0.7898925
1.415 -0.7834063
1.416 -0.7766653
1.417 -0.7696720
1.418 -0.7624290
1.419 -0.7549388
1.420 -0.7472044
1.421 -0.7392284
1.422 -0.7310137
1.423 -0.7225633
1.424 -0.7138801
1.425 -0.7049674
1.426 -0.6958281
1.427 -0.6864657
1.428 -0.6768832
1.429 -0.6670841
1.430 -0.6570718
1.431 -0.6468497
1.432 -0.6364214
1.433 -0.6257904
1.434 -0.6149604
1.435 -0.6039351
1.436 -0.5927183
1.437 -0.5813136
1.438 -0.5697250
1.439 -0.5579564
1.440 -0.5460117
1.441 -0.5338950
1.442 -0.5216101
1.443 -0.5091613
1.444 -0.4965527
1.445 -0.4837884
1.446 -0.4708725
1.447 -0.4578094
1.448 -0.4446034
1.449 -0.4312586
1.450 -0.4177796
1.451 -0.4041705
1.452 -0.3904359
1.453 -0.3765802
1.454 -0.3626077
1.455 -0.3485231
1.456 -0.3343308
1.457 -0.3200352
1.458 -0.3056411
1.459 -0.2911528
1.460 -0.2765751
1.461 -0.2619125
1.462 -0.2471695
1.463 -0.2323509
1.464 -0.2174613
1.465 -0.2025053
1.466 -0.1874875
1.467 -0.1724126
1.468 -0.1572853
1.469 -0.1421102
1.470 -0.1268921
1.471 -0.1116355
1.472 -0.0963451
1.473 -0.0810257
1.474 -0.0656818
1.475 -0.0503181
1.476 -0.0349393
1.477 -0.0195500
1.478 -0.0041549
1.479  0.0112415
1.480  0.0266346
1.481  0.0420197
1.482  0.0573922
1.483  0.0727477
1.484  0.0880815
1.485  0.1033892
1.486  0.1186662
1.487  0.1339081
1.488  0.1491103
1.489  0.1642685
1.490  0.1793783
1.491  0.1944353
1.492  0.2094350
1.493  0.2243733
1.494  0.2392458
1.495  0.2540482
1.496  0.2687763
1.497  0.2834259
1.498  0.2979929
1.499  0.3124731
1.500  0.3268625
1.501  0.3411570
1.502  0.3553526
1.503  0.3694453
1.504  0.3834313
1.505  0.3973065
1.506  0.4110673
1.507  0.4247097
1.508  0.4382301
1.509  0.4516247
1.510  0.4648899
1.511  0.4780222
1.512  0.4910178
1.513  0.5038734
1.514  0.5165854
1.515  0.5291505
1.516  0.5415653
1.517  0.5538266
1.518  0.5659310
1.519  0.5778754
1.520  0.5896566
1.521  0.6012717
1.522  0.6127174
1.523  0.6239910
1.524  0.6350895
1.525  0.6460100
1.526  0.6567497
1.527  0.6673060
1.528  0.6776761
1.529  0.6878575
1.530  0.6978476
1.531  0.7076439
1.532  0.7172440
1.533  0.7266456
1.534  0.7358463
1.535  0.7448439
1.536  0.7536363
1.537  0.7622213
1.538  0.7705970
1.539  0.7787612
1.540  0.7867122
1.541  0.7944481
1.542  0.8019671
1.543  0.8092674
1.544  0.8163475
1.545  0.8232058
1.546  0.8298407
1.547  0.8362508
1.548  0.8424348
1.549  0.8483912
1.550  0.8541189
1.551  0.8596166
1.552  0.8648834
1.553  0.8699180
1.554  0.8747195
1.555  0.8792871
1.556  0.8836198
1.557  0.8877169
1.558  0.8915777
1.559  0.8952015
1.560  0.8985877
1.561  0.9017359
1.562  0.9046455
1.563  0.9073162
1.564  0.9097477
1.565  0.9119396
1.566  0.9138919
1.567  0.9156044
1.568  0.9170770
1.569  0.9183098
1.570  0.9193028
1.571  0.9200561
1.572  0.9205699
1.573  0.9208446
1.574  0.9208804
1.575  0.9206776
1.576  0.9202368
1.577  0.9195585
1.578  0.9186431
1.579  0.9174914
1.580  0.9161041
1.581  0.9144818
1.582  0.9126254
1.583  0.9105357
1.584  0.9082137
1.585  0.9056603
1.586  0.9028766
1.587  0.8998637
1.588  0.8966228
1.589  0.8931549
1.590  0.8894614
1.591  0.8855437
1.592  0.8814029
1.593  0.8770407
1.594  0.8724584
1.595  0.8676576
1.596  0.8626398
1.597  0.8574067
1.598  0.8519599
1.599  0.8463012
1.600  0.8404323
1.601  0.8343551
1.602  0.8280713
1.603  0.8215830
1.604  0.8148920
1.605  0.8080004
1.606  0.8009101
1.607  0.7936234
1.608  0.7861423
1.609  0.7784689
1.610  0.7706056
1.611  0.7625545
1.612  0.7543179
1.613  0.7458981
1.614  0.7372975
1.615  0.7285186
1.616  0.7195637
1.617  0.7104353
1.618  0.7011359
1.619  0.6916681
1.620  0.6820344
1.621  0.6722374
1.622  0.6622797
1.623  0.6521641
1.624  0.6418932
1.625  0.6314697
1.626  0.6208963
1.627  0.6101760
1.628  0.5993113
1.629  0.5883052
1.630  0.5771605
1.631  0.5658801
1.632  0.5544669
1.633  0.5429238
1.634  0.5312537
1.635  0.5194596
1.636  0.5075444
1.637  0.4955112
1.638  0.4833630
1.639  0.4711027
1.640  0.4587334
1.641  0.4462583
1.642  0.4336803
1.643  0.4210025
1.644  0.4082280
1.645  0.3953600
1.646  0.3824016
1.647  0.3693558
1.648  0.3562258
1.649  0.3430148
1.650  0.3297259
1.651  0.3163623
1.652  0.3029271
1.653  0.2894235
1.654  0.2758547
1.655  0.2622238
1.656  0.2485341
1.657  0.2347886
1.658  0.2209907
1.659  0.2071434
1.660  0.1932499
1.661  0.1793135
1.662  0.1653372
1.663  0.1513244
1.664  0.1372780
1.665  0.1232014
1.666  0.1090976
1.667  0.0949699
1.668  0.0808213
1.669  0.0666549
1.670  0.0524741
1.671  0.0382817
1.672  0.0240811
1.673  0.0098752
1.674 -0.0043328
1.675 -0.0185399
1.676 -0.0327430
1.677 -0.0469391
1.678 -0.0611250
1.679 -0.0752978
1.680 -0.0894545
1.681 -0.1035920
1.682 -0.1177075
1.683 -0.1317978
1.684 -0.1458601
1.685 -0.1598914
1.686 -0.1738889
1.687 -0.1878496
1.688 -0.2017707
1.689 -0.2156493
1.690 -0.2294826
1.691 -0.2432678
1.692 -0.2570021
1.693 -0.2706826
1.694 -0.2843068
1.695 -0.2978718
1.696 -0.3113750
1.697 -0.3248136
1.698 -0.3381851
1.699 -0.3514869
1.700 -0.3647162
1.701 -0.3778706
1.702 -0.3909475
1.703 -0.4039444
1.704 -0.4168588
1.705 -0.4296882
1.706 -0.4424302
1.707 -0.4550824
1.708 -0.4676425
1.709 -0.4801080
1.710 -0.4924767
1.711 -0.5047462
1.712 -0.5169143
1.713 -0.5289789
1.714 -0.5409376
1.715 -0.5527883
1.716 -0.5645289
1.717 -0.5761573
1.718 -0.5876714
1.719 -0.5990692
1.720 -0.6103486
1.721 -0.6215078
1.722 -0.6325447
1.723 -0.6434574
1.724 -0.6542442
1.725 -0.6649031
1.726 -0.6754323
1.727 -0.6858300
1.728 -0.6960946
1.729 -0.7062244
1.730 -0.7162175
1.731 -0.7260725
1.732 -0.7357878
1.733 -0.7453617
1.734 -0.7547927
1.735 -0.7640794
1.736 -0.7732202
1.737 -0.7822138
1.738 -0.7910588
1.739 -0.7997539
1.740 -0.8082976
1.741 -0.8166887
1.742 -0.8249261
1.743 -0.8330084
1.744 -0.8409345
1.745 -0.8487033
1.746 -0.8563137
1.747 -0.8637646
1.748 -0.8710549
1.749 -0.8781837
1.750 -0.8851501
1.751 -0.8919530
1.752 -0.8985917
1.753 -0.9050652
1.754 -0.9113728
1.755 -0.9175137
1.756 -0.9234871
1.757 -0.9292923
1.758 -0.9349286
1.759 -0.9403955
1.760 -0.9456923
1.761 -0.9508185
1.762 -0.9557734
1.763 -0.9605567
1.764 -0.9651678
1.765 -0.9696064
1.766 -0.9738720
1.767 -0.9779643
1.768 -0.9818829
1.769 -0.9856276
1.770 -0.9891980
1.771 -0.9925941
1.772 -0.9958156
1.773 -0.9988623
1.774 -1.0017341
1.775 -1.0044309
1.776 -1.0069527
1.777 -1.0092994
1.778 -1.0114711
1.779 -1.0134678
1.780 -1.0152895
1.781 -1.0169364
1.782 -1.0184085
1.783 -1.0197062
1.784 -1.0208295
1.785 -1.0217787
1.786 -1.0225540
1.787 -1.0231557
1.788 -1.0235842
1.789 -1.0238398
1.790 -1.0239228
1.791 -1.0238337
1.792 -1.0235730
1.793 -1.0231410
1.794 -1.0225382
1.795 -1.0217653
1.796 -1.0208226
1.797 -1.0197109
1.798 -1.0184307
1.799 -1.0169826
1.800 -1.0153672
1.801 -1.0135854
1.802 -1.0116377
1.803 -1.0095249
1.804 -1.0072477
1.805 -1.0048070
1.806 -1.0022035
1.807 -0.9994381
1.808 -0.9965116
1.809 -0.9934249
1.810 -0.9901790
1.811 -0.9867746
1.812 -0.9832128
1.813 -0.9794946
1.814 -0.9756208
1.815 -0.9715926
1.816 -0.9674110
1.817 -0.9630770
1.818 -0.9585917
1.819 -0.9539562
1.820 -0.9491716
1.821 -0.9442390
1.822 -0.9391595
1.823 -0.9339345
1.824 -0.9285650
1.825 -0.9230522
1.826 -0.9173974
1.827 -0.9116018
1.828 -0.9056666
1.829 -0.8995932
1.830 -0.8933829
1.831 -0.8870368
1.832 -0.8805565
1.833 -0.8739431
1.834 -0.8671980
1.835 -0.8603227
1.836 -0.8533185
1.837 -0.8461867
1.838 -0.8389288
1.839 -0.8315463
1.840 -0.8240404
1.841 -0.8164128
1.842 -0.8086647
1.843 -0.8007978
1.844 -0.7928135
1.845 -0.7847132
1.846 -0.7764985
1.847 -0.7681708
1.848 -0.7597318
1.849 -0.7511828
1.850 -0.7425256
1.851 -0.7337615
1.852 -0.7248922
1.853 -0.7159192
1.854 -0.7068441
1.855 -0.6976684
1.856 -0.6883938
1.857 -0.6790218
1.858 -0.6695541
1.859 -0.6599922
1.860 -0.6503377
1.861 -0.6405923
1.862 -0.6307576
1.863 -0.6208351
1.864 -0.6108266
1.865 -0.6007336
1.866 -0.5905578
1.867 -0.5803009
1.868 -0.5699643
1.869 -0.5595499
1.870 -0.5490593
1.871 -0.5384940
1.872 -0.5278558
1.873 -0.5171462
1.874 -0.5063670
1.875 -0.4955198
1.876 -0.4846063
1.877 -0.4736281
1.878 -0.4625868
1.879 -0.4514841
1.880 -0.4403217
1.881 -0.4291011
1.882 -0.4178242
1.883 -0.4064924
1.884 -0.3951075
1.885 -0.3836711
1.886 -0.3721849
1.887 -0.3606504
1.888 -0.3490693
1.889 -0.3374432
1.890 -0.3257739
1.891 -0.3140628
1.892 -0.3023117
1.893 -0.2905221
1.894 -0.2786956
1.895 -0.2668340
1.896 -0.2549386
1.897 -0.2430113
1.898 -0.2310535
1.899 -0.2190669
1.900 -0.2070529
1.901 -0.1950133
1.902 -0.1829496
1.903 -0.1708633
1.904 -0.1587560
1.905 -0.1466293
1.906 -0.1344846
1.907 -0.1223236
1.908 -0.1101477
1.909 -0.0979585
1.910 -0.0857575
1.911 -0.0735462
1.912 -0.0613260
1.913 -0.0490986
1.914 -0.0368653
1.915 -0.0246276
1.916 -0.0123870
1.917 -0.0001449
1.918  0.0120972
1.919  0.0243378
1.920  0.0365756
1.921  0.0488092
1.922  0.0610371
1.923  0.0732580
1.924  0.0854704
1.925  0.0976730
1.926  0.1098644
1.927  0.1220433
1.928  0.1342084
1.929  0.1463582
1.930  0.1584915
1.931  0.1706071
1.932  0.1827034
1.933  0.1947794
1.934  0.2068337
1.935  0.2188650
1.936  0.2308722
1.937  0.2428539
1.938  0.2548089
1.939  0.2667361
1.940  0.2786341
1.941  0.2905019
1.942  0.3023383
1.943  0.3141420
1.944  0.3259120
1.945  0.3376471
1.946  0.3493461
1.947  0.3610079
1.948  0.3726315
1.949  0.3842158
1.950  0.3957596
1.951  0.4072619
1.952  0.4187217
1.953  0.4301379
1.954  0.4415095
1.955  0.4528355
1.956  0.4641149
1.957  0.4753466
1.958  0.4865298
1.959  0.4976635
1.960  0.5087466
1.961  0.5197784
1.962  0.5307578
1.963  0.5416840
1.964  0.5525561
1.965  0.5633732
1.966  0.5741344
1.967  0.5848389
1.968  0.5954858
1.969  0.6060743
1.970  0.6166037
1.971  0.6270730
1.972  0.6374816
1.973  0.6478287
1.974  0.6581134
1.975  0.6683351
1.976  0.6784931
1.977  0.6885865
1.978  0.6986148
1.979  0.7085772
1.980  0.7184730
1.981  0.7283017
1.982  0.7380625
1.983  0.7477547
1.984  0.7573779
1.985  0.7669314
1.986  0.7764145
1.987  0.7858268
1.988  0.7951676
1.989  0.8044363
1.990  0.8136325
1.991  0.8227557
1.992  0.8318052
1.993  0.8407806
1.994  0.8496815
1.995  0.8585072
1.996  0.8672575
1.997  0.8759318
1.998  0.8845297
1.999  0.8930507
2.000  0.9014945
2.001  0.9098606
2.002  0.9181488
2.003  0.9263585
2.004  0.9344895
2.005  0.9425413
2.006  0.9505137
2.007  0.9584064
2.008  0.9662190
2.009  0.9739512
2.010  0.9816027
2.011  0.9891734
2.012  0.9966628
2.013  1.0040708
2.014  1.0113971
2.015  1.0186414
2.016  1.0258037
2.017  1.0328837
2.018  1.0398811
2.019  1.0467958
2.020  1.0536277
2.021  1.0603765
2.022  1.0670422
2.023  1.0736246
2.024  1.0801236
2.025  1.0865390
2.026  1.0928708
2.027  1.0991188
2.028  1.1052830
2.029  1.1113634
2.030  1.1173598
2.031  1.1232723
2.032  1.1291007
2.033  1.1348451
2.034  1.1405054
2.035  1.1460816
2.036  1.1515737
2.037  1.1569818
2.038  1.1623059
2.039  1.1675459
2.040  1.1727020
2.041  1.1777741
2.042  1.1827624
2.043  1.1876669
2.044  1.1924878
2.045  1.1972250
2.046  1.2018786
2.047  1.2064489
2.048  1.2109359
2.049  1.2153397
2.050  1.2196604
2.051  1.2238982
2.052  1.2280533
2.053  1.2321258
2.054  1.2361159
2.055  1.2400237
2.056  1.2438494
2.057  1.2475932
2.058  1.2512554
2.059  1.2548361
2.060  1.2583355
2.061  1.2617538
2.062  1.2650913
2.063  1.2683483
2.064  1.2715248
2.065  1.2746213
2.066  1.2776380
2.067  1.2805750
2.068  1.2834328
2.069  1.2862115
2.070  1.2889115
2.071  1.2915330
2.072  1.2940764
2.073  1.2965418
2.074  1.2989298
2.075  1.3012404
2.076  1.3034742
2.077  1.3056314
2.078  1.3077123
2.079  1.3097172
2.080  1.3116466
2.081  1.3135008
2.082  1.3152800
2.083  1.3169848
2.084  1.3186154
2.085  1.3201722
2.086  1.3216555
2.087  1.3230659
2.088  1.3244035
2.089  1.3256689
2.090  1.3268625
2.091  1.3279845
2.092  1.3290355
2.093  1.3300158
2.094  1.3309258
2.095  1.3317660
2.096  1.3325367
2.097  1.3332384
2.098  1.3338716
2.099  1.3344366
2.100  1.3349339
2.101  1.3353638
2.102  1.3357270
2.103  1.3360237
2.104  1.3362544
2.105  1.3364197
2.106  1.3365199
2.107  1.3365555
2.108  1.3365269
2.109  1.3364346
2.110  1.3362792
2.111  1.3360609
2.112  1.3357804
2.113  1.3354381
2.114  1.3350344
2.115  1.3345698
2.116  1.3340448
2.117  1.3334600
2.118  1.3328156
2.119  1.3321124
2.120  1.3313507
2.121  1.3305310
2.122  1.3296538
2.123  1.3287196
2.124  1.3277289
2.125  1.3266821
2.126  1.3255799
2.127  1.3244226
2.128  1.3232108
2.129  1.3219450
2.130  1.3206256
2.131  1.3192533
2.132  1.3178283
2.133  1.3163514
2.134  1.3148229
2.135  1.3132434
2.136  1.3116134
2.137  1.3099333
2.138  1.3082038
2.139  1.3064252
2.140  1.3045981
2.141  1.3027231
2.142  1.3008005
2.143  1.2988310
2.144  1.2968150
2.145  1.2947530
2.146  1.2926456
2.147  1.2904932
2.148  1.2882963
2.149  1.2860555
2.150  1.2837712
2.151  1.2814440
2.152  1.2790744
2.153  1.2766629
2.154  1.2742099
2.155  1.2717160
2.156  1.2691816
2.157  1.2666074
2.158  1.2639937
2.159  1.2613411
2.160  1.2586501
2.161  1.2559212
2.162  1.2531548
2.163  1.2503515
2.164  1.2475118
2.165  1.2446361
2.166  1.2417250
2.167  1.2387790
2.168  1.2357984
2.169  1.2327839
2.170  1.2297359
2.171  1.2266549
2.172  1.2235414
2.173  1.2203958
2.174  1.2172187
2.175  1.2140105
2.176  1.2107718
2.177  1.2075029
2.178  1.2042043
2.179  1.2008766
2.180  1.1975203
2.181  1.1941356
2.182  1.1907233
2.183  1.1872836
2.184  1.1838171
2.185  1.1803242
2.186  1.1768055
2.187  1.1732613
2.188  1.1696921
2.189  1.1660984
2.190  1.1624805
2.191  1.1588391
2.192  1.1551745
2.193  1.1514871
2.194  1.1477775
2.195  1.1440460
2.196  1.1402931
2.197  1.1365192
2.198  1.1327248
2.199  1.1289102
2.200  1.1250760
2.201  1.1212226
2.202  1.1173503
2.203  1.1134596
2.204  1.1095509
2.205  1.1056247
2.206  1.1016813
2.207  1.0977211
2.208  1.0937447
2.209  1.0897523
2.210  1.0857444
2.211  1.0817214
2.212  1.0776837
2.213  1.0736317
2.214  1.0695657
2.215  1.0654862
2.216  1.0613936
2.217  1.0572882
2.218  1.0531705
2.219  1.0490407
2.220  1.0448994
2.221  1.0407468
2.222  1.0365834
2.223  1.0324094
2.224  1.0282254
2.225  1.0240315
2.226  1.0198283
2.227  1.0156160
2.228  1.0113951
2.229  1.0071658
2.230  1.0029285
2.231  0.9986836
2.232  0.9944314
2.233  0.9901723
2.234  0.9859065
2.235  0.9816345
2.236  0.9773566
2.237  0.9730730
2.238  0.9687841
2.239  0.9644903
2.240  0.9601919
2.241  0.9558891
2.242  0.9515823
2.243  0.9472719
2.244  0.9429580
2.245  0.9386411
2.246  0.9343215
2.247  0.9299993
2.248  0.9256750
2.249  0.9213488
2.250  0.9170211
2.251  0.9126920
2.252  0.9083619
2.253  0.9040312
2.254  0.8997000
2.255  0.8953686
2.256  0.8910373
2.257  0.8867064
2.258  0.8823762
2.259  0.8780469
2.260  0.8737188
2.261  0.8693921
2.262  0.8650672
2.263  0.8607442
2.264  0.8564234
2.265  0.8521051
2.266  0.8477895
2.267  0.8434768
2.268  0.8391674
2.269  0.8348613
2.270  0.8305590
2.271  0.8262605
2.272  0.8219662
2.273  0.8176762
2.274  0.8133908
2.275  0.8091102
2.276  0.8048346
2.277  0.8005643
2.278  0.7962994
2.279  0.7920402
2.280  0.7877868
2.281  0.7835395
2.282  0.7792985
2.283  0.7750640
2.284  0.7708361
2.285  0.7666151
2.286  0.7624011
2.287  0.7581944
2.288  0.7539951
2.289  0.7498035
2.290  0.7456196
2.291  0.7414437
2.292  0.7372760
2.293  0.7331166
2.294  0.7289657
2.295  0.7248234
2.296  0.7206900
2.297  0.7165656
2.298  0.7124503
2.299  0.7083443
2.300  0.7042478
2.301  0.7001609
2.302  0.6960838
2.303  0.6920165
2.304  0.6879594
2.305  0.6839125
2.306  0.6798759
2.307  0.6758497
2.308  0.6718342
2.309  0.6678295
2.310  0.6638357
2.311  0.6598528
2.312  0.6558811
2.313  0.6519207
2.314  0.6479716
2.315  0.6440341
2.316  0.6401082
2.317  0.6361940
2.318  0.6322917
2.319  0.6284013
2.320  0.6245231
2.321  0.6206570
2.322  0.6168031
2.323  0.6129617
2.324  0.6091328
2.325  0.6053164
2.326  0.6015127
2.327  0.5977218
2.328  0.5939438
2.329  0.5901787
2.330  0.5864266
2.331  0.5826877
2.332  0.5789620
2.333  0.5752496
2.334  0.5715506
2.335  0.5678650
2.336  0.5641929
2.337  0.5605345
2.338  0.5568897
2.339  0.5532586
2.340  0.5496414
2.341  0.5460380
2.342  0.5424486
2.343  0.5388731
2.344  0.5353118
2.345  0.5317645
2.346  0.5282315
2.347  0.5247127
2.348  0.5212081
2.349  0.5177179
2.350  0.5142421
2.351  0.5107807
2.352  0.5073339
2.353  0.5039015
2.354  0.5004837
2.355  0.4970806
2.356  0.4936921
2.357  0.4903183
2.358  0.4869592
2.359  0.4836149
2.360  0.4802853
2.361  0.4769707
2.362  0.4736709
2.363  0.4703859
2.364  0.4671159
2.365  0.4638609
2.366  0.4606208
2.367  0.4573957
2.368  0.4541857
2.369  0.4509906
2.370  0.4478107
2.371  0.4446458
2.372  0.4414960
2.373  0.4383613
2.374  0.4352417
2.375  0.4321373
2.376  0.4290480
2.377  0.4259739
2.378  0.4229149
2.379  0.4198711
2.380  0.4168425
2.381  0.4138290
2.382  0.4108308
2.383  0.4078477
2.384  0.4048798
2.385  0.4019271
2.386  0.3989896
2.387  0.3960673
2.388  0.3931602
2.389  0.3902683
2.390  0.3873915
2.391  0.3845299
2.392  0.3816834
2.393  0.3788521
2.394  0.3760360
2.395  0.3732349
2.396  0.3704490
2.397  0.3676782
2.398  0.3649225
2.399  0.3621819
2.400  0.3594563
2.401  0.3567458
2.402  0.3540503
2.403  0.3513698
2.404  0.3487043
2.405  0.3460538
2.406  0.3434182
2.407  0.3407976
2.408  0.3381918
2.409  0.3356010
2.410  0.3330250
2.411  0.3304638
2.412  0.3279174
2.413  0.3253858
2.414  0.3228690
2.415  0.3203669
2.416  0.3178795
2.417  0.3154067
2.418  0.3129486
2.419  0.3105051
2.420  0.3080761
2.421  0.3056617
2.422  0.3032618
2.423  0.3008764
2.424  0.2985054
2.425  0.2961487
2.426  0.2938065
2.427  0.2914786
2.428  0.2891650
2.429  0.2868656
2.430  0.2845805
2.431  0.2823095
2.432  0.2800527
2.433  0.2778099
2.434  0.2755813
2.435  0.2733666
2.436  0.2711659
2.437  0.2689792
2.438  0.2668063
2.439  0.2646473
2.440  0.2625021
2.441  0.2603706
2.442  0.2582529
2.443  0.2561488
2.444  0.2540584
2.445  0.2519816
2.446  0.2499182
2.447  0.2478684
2.448  0.2458320
2.449  0.2438090
2.450  0.2417994
2.451  0.2398030
2.452  0.2378199
2.453  0.2358500
2.454  0.2338932
2.455  0.2319496
2.456  0.2300190
2.457  0.2281014
2.458  0.2261968
2.459  0.2243050
2.460  0.2224262
2.461  0.2205601
2.462  0.2187067
2.463  0.2168661
2.464  0.2150381
2.465  0.2132227
2.466  0.2114199
2.467  0.2096295
2.468  0.2078516
2.469  0.2060860
2.470  0.2043328
2.471  0.2025918
2.472  0.2008631
2.473  0.1991466
2.474  0.1974421
2.475  0.1957497
2.476  0.1940694
2.477  0.1924009
2.478  0.1907444
2.479  0.1890997
2.480  0.1874668
2.481  0.1858457
2.482  0.1842362
2.483  0.1826383
2.484  0.1810520
2.485  0.1794772
2.486  0.1779138
2.487  0.1763619
2.488  0.1748213
2.489  0.1732920
2.490  0.1717739
2.491  0.1702670
2.492  0.1687712
2.493  0.1672865
2.494  0.1658127
2.495  0.1643500
2.496  0.1628981
2.497  0.1614571
2.498  0.1600268
2.499  0.1586073
2.500  0.1571984
2.501  0.1558001
2.502  0.1544124
2.503  0.1530352
2.504  0.1516685
2.505  0.1503121
2.506  0.1489661
2.507  0.1476303
2.508  0.1463047
2.509  0.1449894
2.510  0.1436841
2.511  0.1423888
2.512  0.1411036
2.513  0.1398283
2.514  0.1385629
2.515  0.1373073
2.516  0.1360614
2.517  0.1348253
2.518  0.1335988
2.519  0.1323820
2.520  0.1311746
2.521  0.1299768
2.522  0.1287884
2.523  0.1276094
2.524  0.1264397
2.525  0.1252792
2.526  0.1241280
2.527  0.1229859
2.528  0.1218530
2.529  0.1207291
2.530  0.1196141
2.531  0.1185081
2.532  0.1174110
2.533  0.1163227
2.534  0.1152432
2.535  0.1141724
2.536  0.1131103
2.537  0.1120568
2.538  0.1110118
2.539  0.1099754
2.540  0.1089474
2.541  0.1079278
2.542  0.1069165
2.543  0.1059135
2.544  0.1049188
2.545  0.1039322
2.546  0.1029538
2.547  0.1019835
2.548  0.1010212
2.549  0.1000668
2.550  0.0991204
2.551  0.0981818
2.552  0.0972511
2.553  0.0963281
2.554  0.0954129
2.555  0.0945053
2.556  0.0936053
2.557  0.0927129
2.558  0.0918280
2.559  0.0909505
2.560  0.0900805
2.561  0.0892178
2.562  0.0883624
2.563  0.0875143
2.564  0.0866734
2.565  0.0858397
2.566  0.0850131
2.567  0.0841935
2.568  0.0833809
2.569  0.0825754
2.570  0.0817767
2.571  0.0809849
2.572  0.0801999
2.573  0.0794217
2.574  0.0786502
2.575  0.0778854
2.576  0.0771272
2.577  0.0763756
2.578  0.0756305
2.579  0.0748919
2.580  0.0741598
2.581  0.0734341
2.582  0.0727147
2.583  0.0720016
2.584  0.0712947
2.585  0.0705941
2.586  0.0698997
2.587  0.0692113
2.588  0.0685291
2.589  0.0678528
2.590  0.0671826
2.591  0.0665183
2.592  0.0658599
2.593  0.0652074
2.594  0.0645606
2.595  0.0639197
2.596  0.0632844
2.597  0.0626549
2.598  0.0620310
2.599  0.0614127
2.600  0.0607999
2.601  0.0601927
2.602  0.0595909
2.603  0.0589945
2.604  0.0584036
2.605  0.0578180
2.606  0.0572377
2.607  0.0566626
2.608  0.0560928
2.609  0.0555282
2.610  0.0549687
2.611  0.0544143
2.612  0.0538650
2.613  0.0533207
2.614  0.0527814
2.615  0.0522470
2.616  0.0517176
2.617  0.0511930
2.618  0.0506732
2.619  0.0501583
2.620  0.0496481
2.621  0.0491426
2.622  0.0486418
2.623  0.0481456
2.624  0.0476541
2.625  0.0471671
2.626  0.0466846
2.627  0.0462067
2.628  0.0457332
2.629  0.0452641
2.630  0.0447994
2.631  0.0443391
2.632  0.0438830
2.633  0.0434313
2.634  0.0429838
2.635  0.0425405
2.636  0.0421014
2.637  0.0416665
2.638  0.0412356
2.639  0.0408089
2.640  0.0403861
2.641  0.0399674
2.642  0.0395527
2.643  0.0391419
2.644  0.0387350
2.645  0.0383320
2.646  0.0379328
2.647  0.0375374
2.648  0.0371459
2.649  0.0367580
2.650  0.0363739
2.651  0.0359935
2.652  0.0356168
2.653  0.0352436
2.654  0.0348741
2.655  0.0345081
2.656  0.0341457
2.657  0.0337867
2.658  0.0334312
2.659  0.0330792
2.660  0.0327306
2.661  0.0323854
2.662  0.0320435
2.663  0.0317050
2.664  0.0313697
2.665  0.0310377
2.666  0.0307090
2.667  0.0303835
2.668  0.0300612
2.669  0.0297420
2.670  0.0294259
2.671  0.0291130
2.672  0.0288031
2.673  0.0284963
2.674  0.0281925
2.675  0.0278917
2.676  0.0275939
2.677  0.0272990
2.678  0.0270070
2.679  0.0267180
2.680  0.0264318
2.681  0.0261484
2.682  0.0258679
2.683  0.0255901
2.684  0.0253151
2.685  0.0250429
2.686  0.0247733
2.687  0.0245065
2.688  0.0242423
2.689  0.0239808
2.690  0.0237219
2.691  0.0234656
2.692  0.0232118
2.693  0.0229606
2.694  0.0227120
2.695  0.0224658
2.696  0.0222222
2.697  0.0219809
2.698  0.0217422
2.699  0.0215058
2.700  0.0212718
2.701  0.0210402
2.702  0.0208110
2.703  0.0205841
2.704  0.0203595
2.705  0.0201371
2.706  0.0199171
2.707  0.0196992
2.708  0.0194836
2.709  0.0192702
2.710  0.0190590
2.711  0.0188500
2.712  0.0186431
2.713  0.0184383
2.714  0.0182356
2.715  0.0180350
2.716  0.0178364
2.717  0.0176399
2.718  0.0174455
2.719  0.0172530
2.720  0.0170625
2.721  0.0168740
2.722  0.0166874
2.723  0.0165028
2.724  0.0163201
2.725  0.0161393
2.726  0.0159603
2.727  0.0157832
2.728  0.0156080
2.729  0.0154346
2.730  0.0152629
2.731  0.0150931
2.732  0.0149251
2.733  0.0147588
2.734  0.0145942
2.735  0.0144314
2.736  0.0142702
2.737  0.0141108
2.738  0.0139530
2.739  0.0137969
2.740  0.0136424
2.741  0.0134896
2.742  0.0133384
2.743  0.0131887
2.744  0.0130407
2.745  0.0128942
2.746  0.0127492
2.747  0.0126058
2.748  0.0124639
2.749  0.0123235
2.750  0.0121846
2.751  0.0120471
2.752  0.0119112
2.753  0.0117766
2.754  0.0116436
2.755  0.0115119
2.756  0.0113816
2.757  0.0112527
2.758  0.0111252
2.759  0.0109991
2.760  0.0108743
2.761  0.0107508
2.762  0.0106287
2.763  0.0105078
2.764  0.0103883
2.765  0.0102701
2.766  0.0101531
2.767  0.0100374
2.768  0.0099229
2.769  0.0098096
2.770  0.0096976
2.771  0.0095868
2.772  0.0094772
2.773  0.0093688
2.774  0.0092615
2.775  0.0091554
2.776  0.0090505
2.777  0.0089467
2.778  0.0088440
2.779  0.0087424
2.780  0.0086420
2.781  0.0085426
2.782  0.0084443
2.783  0.0083471
2.784  0.0082510
2.785  0.0081558
2.786  0.0080618
2.787  0.0079687
2.788  0.0078767
2.789  0.0077857
2.790  0.0076957
2.791  0.0076067
2.792  0.0075186
2.793  0.0074315
2.794  0.0073454
2.795  0.0072602
2.796  0.0071760
2.797  0.0070927
2.798  0.0070103
2.799  0.0069288
2.800  0.0068482
2.801  0.0067685
2.802  0.0066897
2.803  0.0066117
2.804  0.0065346
2.805  0.0064584
2.806  0.0063830
2.807  0.0063085
2.808  0.0062348
2.809  0.0061619
2.810  0.0060898
2.811  0.0060185
2.812  0.0059480
2.813  0.0058783
2.814  0.0058094
2.815  0.0057412
2.816  0.0056738
2.817  0.0056072
2.818  0.0055413
2.819  0.0054761
2.820  0.0054117
2.821  0.0053480
2.822  0.0052850
2.823  0.0052227
2.824  0.0051611
2.825  0.0051002
2.826  0.0050400
2.827  0.0049804
2.828  0.0049216
2.829  0.0048634
2.830  0.0048058
2.831  0.0047489
2.832  0.0046927
2.833  0.0046371
2.834  0.0045821
2.835  0.0045277
2.836  0.0044740
2.837  0.0044208
2.838  0.0043683
2.839  0.0043164
2.840  0.0042650
2.841  0.0042142
2.842  0.0041641
2.843  0.0041144
2.844  0.0040654
2.845  0.0040169
2.846  0.0039689
2.847  0.0039215
2.848  0.0038747
2.849  0.0038284
2.850  0.0037826
2.851  0.0037373
2.852  0.0036926
2.853  0.0036483
2.854  0.0036046
2.855  0.0035614
2.856  0.0035187
2.857  0.0034764
2.858  0.0034347
2.859  0.0033934
2.860  0.0033526
2.861  0.0033123
2.862  0.0032724
2.863  0.0032330
2.864  0.0031940
2.865  0.0031555
2.866  0.0031175
2.867  0.0030799
2.868  0.0030427
2.869  0.0030059
2.870  0.0029696
2.871  0.0029337
2.872  0.0028982
2.873  0.0028631
2.874  0.0028285
2.875  0.0027942
2.876  0.0027603
2.877  0.0027269
2.878  0.0026938
2.879  0.0026611
2.880  0.0026288
2.881  0.0025968
2.882  0.0025653
2.883  0.0025341
2.884  0.0025032
2.885  0.0024727
2.886  0.0024426
2.887  0.0024129
2.888  0.0023834
2.889  0.0023544
2.890  0.0023256
2.891  0.0022972
2.892  0.0022692
2.893  0.0022414
2.894  0.0022140
2.895  0.0021869
2.896  0.0021602
2.897  0.0021337
2.898  0.0021076
2.899  0.0020818
2.900  0.0020562
2.901  0.0020310
2.902  0.0020061
2.903  0.0019814
2.904  0.0019571
2.905  0.0019330
2.906  0.0019093
2.907  0.0018858
2.908  0.0018626
2.909  0.0018396
2.910  0.0018170
2.911  0.0017946
2.912  0.0017724
2.913  0.0017506
2.914  0.0017290
2.915  0.0017076
2.916  0.0016865
2.917  0.0016657
2.918  0.0016451
2.919  0.0016247
2.920  0.0016046
2.921  0.0015847
2.922  0.0015651
2.923  0.0015457
2.924  0.0015265
2.925  0.0015076
2.926  0.0014889
2.927  0.0014704
2.928  0.0014521
2.929  0.0014341
2.930  0.0014163
2.931  0.0013987
2.932  0.0013813
2.933  0.0013641
2.934  0.0013471
2.935  0.0013303
2.936  0.0013137
2.937  0.0012973
2.938  0.0012811
2.939  0.0012651
2.940  0.0012493
2.941  0.0012337
2.942  0.0012183
2.943  0.0012031
2.944  0.0011880
2.945  0.0011732
2.946  0.0011585
2.947  0.0011440
2.948  0.0011296
2.949  0.0011155
2.950  0.0011015
2.951  0.0010877
2.952  0.0010740
2.953  0.0010605
2.954  0.0010472
2.955  0.0010340
2.956  0.0010210
2.957  0.0010082
2.958  0.0009955
2.959  0.0009830
2.960  0.0009706
2.961  0.0009584
2.962  0.0009463
2.963  0.0009344
2.964  0.0009226
2.965  0.0009109
2.966  0.0008994
2.967  0.0008881
2.968  0.0008769
2.969  0.0008658
2.970  0.0008548
2.971  0.0008440
2.972  0.0008333
2.973  0.0008228
2.974  0.0008124
2.975  0.0008021
2.976  0.0007919
2.977  0.0007819
2.978  0.0007719
2.979  0.0007621
2.980  0.0007525
2.981  0.0007429
2.982  0.0007335
2.983  0.0007241
2.984  0.0007149
2.985  0.0007058
2.986  0.0006968
2.987  0.0006880
2.988  0.0006792
2.989  0.0006706
2.990  0.0006620
2.991  0.0006536
2.992  0.0006452
2.993  0.0006370
2.994  0.0006289
2.995  0.0006208
2.996  0.0006129
2.997  0.0006051
2.998  0.0005973
2.999  0.0005897
3.000  0.0005821
3.001  0.0005747
3.002  0.0005673
3.003  0.0005601
3.004  0.0005529
3.005  0.0005458
3.006  0.0005388
3.007  0.0005319
3.008  0.0005251
3.009  0.0005183
3.010  0.0005117
3.011  0.0005051
3.012  0.0004986
3.013  0.0004922
3.014  0.0004858
3.015  0.0004796
3.016  0.0004734
3.017  0.0004673
3.018  0.0004613
3.019  0.0004554
3.020  0.0004495
3.021  0.0004437
3.022  0.0004380
3.023  0.0004323
3.024  0.0004267
3.025  0.0004212
3.026  0.0004158
3.027  0.0004104
3.028  0.0004051
3.029  0.0003998
3.030  0.0003947
3.031  0.0003896
3.032  0.0003845
3.033  0.0003795
3.034  0.0003746
3.035  0.0003698
3.036  0.0003650
3.037  0.0003602
3.038  0.0003556
3.039  0.0003509
3.040  0.0003464
3.041  0.0003419
3.042  0.0003374
3.043  0.0003331
3.044  0.0003287
3.045  0.0003244
3.046  0.0003202
3.047  0.0003161
3.048  0.0003119
3.049  0.0003079
3.050  0.0003039
3.051  0.0002999
3.052  0.0002960
3.053  0.0002921
3.054  0.0002883
3.055  0.0002846
3.056  0.0002808
3.057  0.0002772
3.058  0.0002735
3.059  0.0002700
3.060  0.0002664
3.061  0.0002630
3.062  0.0002595
3.063  0.0002561
3.064  0.0002528
3.065  0.0002495
3.066  0.0002462
3.067  0.0002430
3.068  0.0002398
3.069  0.0002366
3.070  0.0002335
3.071  0.0002305
3.072  0.0002274
3.073  0.0002244
3.074  0.0002215
3.075  0.0002186
3.076  0.0002157
3.077  0.0002129
3.078  0.0002101
3.079  0.0002073
3.080  0.0002046
3.081  0.0002019
3.082  0.0001992
3.083  0.0001966
3.084  0.0001940
3.085  0.0001915
3.086  0.0001889
3.087  0.0001864
3.088  0.0001840
3.089  0.0001815
3.090  0.0001791
3.091  0.0001768
3.092  0.0001744
3.093  0.0001721
3.094  0.0001699
3.095  0.0001676
3.096  0.0001654
3.097  0.0001632
3.098  0.0001610
3.099  0.0001589
3.100  0.0001568
3.101  0.0001547
3.102  0.0001527
3.103  0.0001507
3.104  0.0001487
3.105  0.0001467
3.106  0.0001447
3.107  0.0001428
3.108  0.0001409
3.109  0.0001390
3.110  0.0001372
3.111  0.0001354
3.112  0.0001336
3.113  0.0001318
3.114  0.0001300
3.115  0.0001283
3.116  0.0001266
3.117  0.0001249
3.118  0.0001232
3.119  0.0001216
3.120  0.0001200
3.121  0.0001184
3.122  0.0001168
3.123  0.0001152
3.124  0.0001137
3.125  0.0001122
3.126  0.0001107
3.127  0.0001092
3.128  0.0001078
3.129  0.0001063
3.130  0.0001049
3.131  0.0001035
3.132  0.0001021
3.133  0.0001007
3.134  0.0000994
3.135  0.0000981
3.136  0.0000967
3.137  0.0000954
3.138  0.0000942
3.139  0.0000929
3.140  0.0000917
3.141  0.0000904
3.142  0.0000892
3.143  0.0000880
3.144  0.0000868
3.145  0.0000857
3.146  0.0000845
3.147  0.0000834
3.148  0.0000823
3.149  0.0000812
3.150  0.0000801
3.151  0.0000790
3.152  0.0000779
3.153  0.0000769
3.154  0.0000758
3.155  0.0000748
3.156  0.0000738
3.157  0.0000728
3.158  0.0000718
3.159  0.0000709
3.160  0.0000699
3.161  0.0000690
3.162  0.0000680
3.163  0.0000671
3.164  0.0000662
3.165  0.0000653
3.166  0.0000644
3.167  0.0000636
3.168  0.0000627
3.169  0.0000619
3.170  0.0000610
3.171  0.0000602
3.172  0.0000594
3.173  0.0000586
3.174  0.0000578
3.175  0.0000570
3.176  0.0000562
3.177  0.0000555
3.178  0.0000547
3.179  0.0000540
3.180  0.0000532
3.181  0.0000525
3.182  0.0000518
3.183  0.0000511
3.184  0.0000504
3.185  0.0000497
3.186  0.0000491
3.187  0.0000484
3.188  0.0000477
3.189  0.0000471
3.190  0.0000464
3.191  0.0000458
3.192  0.0000452
3.193  0.0000446
3.194  0.0000440
3.195  0.0000434
3.196  0.0000428
3.197  0.0000422
3.198  0.0000416
3.199  0.0000410
3.200  0.0000405
3.201  0.0000399
3.202  0.0000394
3.203  0.0000389
3.204  0.0000383
3.205  0.0000378
3.206  0.0000373
3.207  0.0000368
3.208  0.0000363
3.209  0.0000358
3.210  0.0000353
3.211  0.0000348
3.212  0.0000343
3.213  0.0000339
3.214  0.0000334
3.215  0.0000329
3.216  0.0000325
3.217  0.0000320
3.218  0.0000316
3.219  0.0000312
3.220  0.0000307
3.221  0.0000303
3.222  0.0000299
3.223  0.0000295
3.224  0.0000291
3.225  0.0000287
3.226  0.0000283
3.227  0.0000279
3.228  0.0000275
3.229  0.0000271
3.230  0.0000268
3.231  0.0000264
3.232  0.0000260
3.233  0.0000257
3.234  0.0000253
3.235  0.0000250
3.236  0.0000246
3.237  0.0000243
3.238  0.0000240
3.239  0.0000236
3.240  0.0000233
3.241  0.0000230
3.242  0.0000227
3.243  0.0000224
3.244  0.0000221
3.245  0.0000218
3.246  0.0000215
3.247  0.0000212
3.248  0.0000209
3.249  0.0000206
3.250  0.0000203
3.251  0.0000200
3.252  0.0000197
3.253  0.0000195
3.254  0.0000192
3.255  0.0000189
3.256  0.0000187
3.257  0.0000184
3.258  0.0000182
3.259  0.0000179
3.260  0.0000177
3.261  0.0000174
3.262  0.0000172
3.263  0.0000169
3.264  0.0000167
3.265  0.0000165
3.266  0.0000162
3.267  0.0000160
3.268  0.0000158
3.269  0.0000156
3.270  0.0000154
3.271  0.0000151
3.272  0.0000149
3.273  0.0000147
3.274  0.0000145
3.275  0.0000143
3.276  0.0000141
3.277  0.0000139
3.278  0.0000137
3.279  0.0000135
3.280  0.0000134
3.281  0.0000132
3.282  0.0000130
3.283  0.0000128
3.284  0.0000126
3.285  0.0000124
3.286  0.0000123
3.287  0.0000121
3.288  0.0000119
3.289  0.0000118
3.290  0.0000116
3.291  0.0000114
3.292  0.0000113
3.293  0.0000111
3.294  0.0000110
3.295  0.0000108
3.296  0.0000107
3.297  0.0000105
3.298  0.0000104
3.299  0.0000102
3.300  0.0000101
3.301  0.0000099
3.302  0.0000098
3.303  0.0000097
3.304  0.0000095
3.305  0.0000094
3.306  0.0000093
3.307  0.0000091
3.308  0.0000090
3.309  0.0000089
3.310  0.0000088
3.311  0.0000086
3.312  0.0000085
3.313  0.0000084
3.314  0.0000083
3.315  0.0000082
3.316  0.0000080
3.317  0.0000079
3.318  0.0000078
3.319  0.0000077
3.320  0.0000076
3.321  0.0000075
3.322  0.0000074
3.323  0.0000073
3.324  0.0000072
3.325  0.0000071
3.326  0.0000070
3.327  0.0000069
3.328  0.0000068
3.329  0.0000067
3.330  0.0000066
3.331  0.0000065
3.332  0.0000064
3.333  0.0000063
3.334  0.0000062
3.335  0.0000062
3.336  0.0000061
3.337  0.0000060
3.338  0.0000059
3.339  0.0000058
3.340  0.0000057
3.341  0.0000057
3.342  0.0000056
3.343  0.0000055
3.344  0.0000054
3.345  0.0000053
3.346  0.0000053
3.347  0.0000052
3.348  0.0000051
3.349  0.0000050
3.350  0.0000050
3.351  0.0000049
3.352  0.0000048
3.353  0.0000048
3.354  0.0000047
3.355  0.0000046
3.356  0.0000046
3.357  0.0000045
3.358  0.0000044
3.359  0.0000044
3.360  0.0000043
3.361  0.0000043
3.362  0.0000042
3.363  0.0000041
3.364  0.0000041
3.365  0.0000040
3.366  0.0000040
3.367  0.0000039
3.368  0.0000038
3.369  0.0000038
3.370  0.0000037
3.371  0.0000037
3.372  0.0000036
3.373  0.0000036
3.374  0.0000035
3.375  0.0000035
3.376  0.0000034
3.377  0.0000034
3.378  0.0000033
3.379  0.0000033
3.380  0.0000032
3.381  0.0000032
3.382  0.0000032
3.383  0.0000031
3.384  0.0000031
3.385  0.0000030
3.386  0.0000030
3.387  0.0000029
3.388  0.0000029
3.389  0.0000029
3.390  0.0000028
3.391  0.0000028
3.392  0.0000027
3.393  0.0000027
3.394  0.0000027
3.395  0.0000026
3.396  0.0000026
3.397  0.0000025
3.398  0.0000025
3.399  0.0000025
3.400  0.0000024
3.401  0.0000024
3.402  0.0000024
3.403  0.0000023
3.404  0.0000023
3.405  0.0000023
3.406  0.0000022
3.407  0.0000022
3.408  0.0000022
3.409  0.0000021
3.410  0.0000021
3.411  0.0000021
3.412  0.0000021
3.413  0.0000020
3.414  0.0000020
3.415  0.0000020
3.416  0.0000019
3.417  0.0000019
3.418  0.0000019
3.419  0.0000019
3.420  0.0000018
3.421  0.0000018
3.422  0.0000018
3.423  0.0000018
3.424  0.0000017
3.425  0.0000017
3.426  0.0000017
3.427  0.0000017
3.428  0.0000016
3.429  0.0000016
3.430  0.0000016
3.431  0.0000016
3.432  0.0000015
3.433  0.0000015
3.434  0.0000015
3.435  0.0000015
3.436  0.0000015
3.437  0.0000014
3.438  0.0000014
3.439  0.0000014
3.440  0.0000014
3.441  0.0000014
3.442  0.0000013
3.443  0.0000013
3.444  0.0000013
3.445  0.0000013
3.446  0.0000013
3.447  0.0000012
3.448  0.0000012
3.449  0.0000012
3.450  0.0000012
3.451  0.0000012
3.452  0.0000012
3.453  0.0000011
3.454  0.0000011
3.455  0.0000011
3.456  0.0000011
3.457  0.0000011
3.458  0.0000011
3.459  0.0000010
3.460  0.0000010
3.461  0.0000010
3.462  0.0000010
3.463  0.0000010
3.464  0.0000010
3.465  0.0000010
3.466  0.0000009
3.467  0.0000009
3.468  0.0000009
3.469  0.0000009
3.470  0.0000009
3.471  0.0000009
3.472  0.0000009
3.473  0.0000008
3.474  0.0000008
3.475  0.0000008
3.476  0.0000008
3.477  0.0000008
3.478  0.0000008
3.479  0.0000008
3.480  0.0000008
3.481  0.0000008
3.482  0.0000007
3.483  0.0000007
3.484  0.0000007
3.485  0.0000007
3.486  0.0000007
3.487  0.0000007
3.488  0.0000007
3.489  0.0000007
3.490  0.0000007
3.491  0.0000007
3.492  0.0000006
3.493  0.0000006
3.494  0.0000006
3.495  0.0000006
3.496  0.0000006
3.497  0.0000006
3.498  0.0000006
3.499  0.0000006
3.500  0.0000006
3.501  0.0000006
3.502  0.0000006
3.503  0.0000005
3.504  0.0000005
3.505  0.0000005
3.506  0.0000005
3.507  0.0000005
3.508  0.0000005
3.509  0.0000005
3.510  0.0000005
3.511  0.0000005
3.512  0.0000005
3.513  0.0000005
3.514  0.0000005
3.515  0.0000005
3.516  0.0000005
3.517  0.0000004
3.518  0.0000004
3.519  0.0000004
3.520  0.0000004
3.521  0.0000004
3.522  0.0000004
3.523  0.0000004
3.524  0.0000004
3.525  0.0000004
3.526  0.0000004
3.527  0.0000004
3.528  0.0000004
3.529  0.0000004
3.530  0.0000004
3.531  0.0000004
3.532  0.0000004
3.533  0.0000004
3.534  0.0000003
3.535  0.0000003
3.536  0.0000003
3.537  0.0000003
3.538  0.0000003
3.539  0.0000003
3.540  0.0000003
3.541  0.0000003
3.542  0.0000003
3.543  0.0000003
3.544  0.0000003
3.545  0.0000003
3.546  0.0000003
3.547  0.0000003
3.548  0.0000003
3.549  0.0000003
3.550  0.0000003
3.551  0.0000003
3.552  0.0000003
3.553  0.0000003
3.554  0.0000003
3.555  0.0000003
3.556  0.0000003
3.557  0.0000002
3.558  0.0000002
3.559  0.0000002
3.560  0.0000002
3.561  0.0000002
3.562  0.0000002
3.563  0.0000002
3.564  0.0000002
3.565  0.0000002
3.566  0.0000002
3.567  0.0000002
3.568  0.0000002
3.569  0.0000002
3.570  0.0000002
3.571  0.0000002
3.572  0.0000002
3.573  0.0000002
3.574  0.0000002
3.575  0.0000002
3.576  0.0000002
3.577  0.0000002
3.578  0.0000002
3.579  0.0000002
3.580  0.0000002
3.581  0.0000002
3.582  0.0000002
3.583  0.0000002
3.584  0.0000002
3.585  0.0000002
3.586  0.0000002
3.587  0.0000002
3.588  0.0000002
3.589  0.0000002
3.590  0.0000002
3.591  0.0000002
3.592  0.0000001
3.593  0.0000001
3.594  0.0000001
3.595  0.0000001
3.596  0.0000001
3.597  0.0000001
3.598  0.0000001
3.599  0.0000001
3.600  0.0000001
3.601  0.0000001
3.602  0.0000001
3.603  0.0000001
3.604  0.0000001
3.605  0.0000001
3.606  0.0000001
3.607  0.0000001
3.608  0.0000001
3.609  0.0000001
3.610  0.0000001
3.611  0.0000001
3.612  0.0000001
3.613  0.0000001
3.614  0.0000001
3.615  0.0000001
3.616  0.0000001
3.617  0.0000001
3.618  0.0000001
3.619  0.0000001
3.620  0.0000001
3.621  0.0000001
3.622  0.0000001
3.623  0.0000001
3.624  0.0000001
3.625  0.0000001
3.626  0.0000001
3.627  0.0000001
3.628  0.0000001
3.629  0.0000001
3.630  0.0000001
3.631  0.0000001
3.632  0.0000001
3.633  0.0000001
3.634  0.0000001
3.635  0.0000001
3.636  0.0000001
3.637  0.0000001
3.638  0.0000001
3.639  0.0000001
3.640  0.0000001
3.641  0.0000001
3.642  0.0000001
3.643  0.0000001
3.644  0.0000001
3.645  0.0000001
3.646  0.0000001
3.647  0.0000001
3.648  0.0000001
3.649  0.0000001
3.650  0.0000001
3.651  0.0000001
3.652  0.0000001
3.653  0.0000001
3.654  0.0000001
3.655  0.0000001
3.656  0.0000001
3.657  0.0000001
3.658  0.0000001
3.659  0.0000001
3.660  0.0000001
3.661  0.0000001
3.662  0.0000001
3.663  0.0000001
3.664  0.0000001
3.665  0.0000001
3.666  0.0000000
3.667  0.0000000
3.668  0.0000000
3.669  0.0000000
3.670  0.0000000
3.671  0.0000000
3.672  0.0000000
3.673  0.0000000
3.674  0.0000000
3.675  0.0000000
3.676  0.0000000
3.677  0.0000000
3.678  0.0000000
3.679  0.0000000
3.680  0.0000000
3.681  0.0000000
3.682  0.0000000
3.683  0.0000000
3.684  0.0000000
3.685  0.0000000
3.686  0.0000000
3.687  0.0000000
3.688  0.0000000
3.689  0.0000000
3.690  0.0000000
3.691  0.0000000
3.692  0.0000000
3.693  0.0000000
3.694  0.0000000
3.695  0.0000000
3.696  0.0000000
3.697  0.0000000
3.698  0.0000000
3.699  0.0000000
3.700  0.0000000
3.701  0.0000000
3.702  0.0000000
3.703  0.0000000
3.704  0.0000000
3.705  0.0000000
3.706  0.0000000
3.707  0.0000000
3.708  0.0000000
3.709  0.0000000
3.710  0.0000000
3.711  0.0000000
3.712  0.0000000
3.713  0.0000000
3.714  0.0000000
3.715  0.0000000
3.716  0.0000000
3.717  0.0000000
3.718  0.0000000
3.719  0.0000000
3.720  0.0000000
3.721  0.0000000
3.722  0.0000000
3.723  0.0000000
3.724  0.0000000
3.725  0.0000000
3.726  0.0000000
3.727  0.0000000
3.728  0.0000000
3.729  0.0000000
3.730  0.0000000
3.731  0.0000000
3.732  0.0000000
3.733  0.0000000
3.734  0.0000000
3.735  0.0000000
3.736  0.0000000
3.737  0.0000000
3.738  0.0000000
3.739  0.0000000
3.740  0.0000000
3.741  0.0000000
3.742  0.0000000
3.743  0.0000000
3.744  0.0000000
3.745  0.0000000
3.746  0.0000000
3.747  0.0000000
3.748  0.0000000
3.749  0.0000000
3.750  0.0000000
3.751  0.0000000
3.752  0.0000000
3.753  0.0000000
3.754  0.0000000
3.755  0.0000000
3.756  0.0000000
3.757  0.0000000
3.758  0.0000000
3.759  0.0000000
3.760  0.0000000
3.761  0.0000000
3.762  0.0000000
3.763  0.0000000
3.764  0.0000000
3.765  0.0000000
3.766  0.0000000
3.767  0.0000000
3.768  0.0000000
3.769  0.0000000
3.770  0.0000000
3.771  0.0000000
3.772  0.0000000
3.773  0.0000000
3.774  0.0000000
3.775  0.0000000
3.776  0.0000000
3.777  0.0000000
3.778  0.0000000
3.779  0.0000000
3.780  0.0000000
3.781  0.0000000
3.782  0.0000000
3.783  0.0000000
3.784  0.0000000
3.785  0.0000000
3.786  0.0000000
3.787  0.0000000
3.788  0.0000000
3.789  0.0000000
3.790  0.0000000
3.791  0.0000000
3.792  0.0000000
3.793  0.0000000
3.794  0.0000000
3.795  0.0000000
3.796  0.0000000
3.797  0.0000000
3.798  0.0000000
3.799  0.0000000
3.800  0.0000000
3.801  0.0000000
3.802  0.0000000
3.803  0.0000000
3.804  0.0000000
3.805  0.0000000
3.806  0.0000000
3.807  0.0000000
3.808  0.0000000
3.809  0.0000000
3.810  0.0000000
3.811  0.0000000
3.812  0.0000000
3.813  0.0000000
3.814  0.0000000
3.815  0.0000000
3.816  0.0000000
3.817  0.0000000
3.818  0.0000000
3.819  0.0000000
3.820  0.0000000
3.821  0.0000000
3.822  0.0000000
3.823  0.0000000
3.824  0.0000000
3.825  0.0000000
3.826  0.0000000
3.827  0.0000000
3.828  0.0000000
3.829  0.0000000
3.830  0.0000000
3.831  0.0000000
3.832  0.0000000
3.833  0.0000000
3.834  0.0000000
3.835  0.0000000
3.836  0.0000000
3.837  0.0000000
3.838  0.0000000
3.839  0.0000000
3.840  0.0000000
3.841  0.0000000
3.842  0.0000000
3.843  0.0000000
3.844  0.0000000
3.845  0.0000000
3.846  0.0000000
3.847  0.0000000
3.848  0.0000000
3.849  0.0000000
3.850  0.0000000
3.851  0.0000000
3.852  0.0000000
3.853  0.0000000
3.854  0.0000000
3.855  0.0000000
3.856  0.0000000
3.857  0.0000000
3.858  0.0000000
3.859  0.0000000
3.860  0.0000000
3.861  0.0000000
3.862  0.0000000
3.863  0.0000000
3.864  0.0000000
3.865  0.0000000
3.866  0.0000000
3.867  0.0000000
3.868  0.0000000
3.869  0.0000000
3.870  0.0000000
3.871  0.0000000
3.872  0.0000000
3.873  0.0000000
3.874  0.0000000
3.875  0.0000000
3.876  0.0000000
3.877  0.0000000
3.878  0.0000000
3.879  0.0000000
3.880  0.0000000
3.881  0.0000000
3.882  0.0000000
3.883  0.0000000
3.884  0.0000000
3.885  0.0000000
3.886  0.0000000
3.887  0.0000000
3.888  0.0000000
3.889  0.0000000
3.890  0.0000000
3.891  0.0000000
3.892  0.0000000
3.893  0.0000000
3.894  0.0000000
3.895  0.0000000
3.896  0.0000000
3.897  0.0000000
3.898  0.0000000
3.899  0.0000000
3.900  0.0000000
3.901  0.0000000
3.902  0.0000000
3.903  0.0000000
3.904  0.0000000
3.905  0.0000000
3.906  0.0000000
3.907  0.0000000
3.908  0.0000000
3.909  0.0000000
3.910  0.0000000
3.911  0.0000000
3.912  0.0000000
3.913  0.0000000
3.914  0.0000000
3.915  0.0000000
3.916  0.0000000
3.917  0.0000000
3.918  0.0000000
3.919  0.0000000
3.920  0.0000000
3.921  0.0000000
3.922  0.0000000
3.923  0.0000000
3.924  0.0000000
3.925  0.0000000
