# Solution of radial Schr. equation for   E(v=  8,J=  0) =  -7139.7105899
# ----------------------------------------------------------------------------
0.203  0.0000000
0.204  0.0000000
0.205  0.0000000
0.206  0.0000000
0.207  0.0000000
0.208  0.0000000
0.209  0.0000000
0.210  0.0000000
0.211  0.0000000
0.212  0.0000000
0.213  0.0000000
0.214  0.0000000
0.215  0.0000000
0.216  0.0000000
0.217  0.0000000
0.218  0.0000000
0.219  0.0000000
0.220  0.0000000
0.221  0.0000000
0.222  0.0000000
0.223  0.0000000
0.224  0.0000000
0.225  0.0000000
0.226  0.0000000
0.227  0.0000000
0.228  0.0000000
0.229  0.0000000
0.230  0.0000000
0.231  0.0000000
0.232  0.0000000
0.233  0.0000000
0.234  0.0000000
0.235  0.0000000
0.236  0.0000000
0.237  0.0000000
0.238  0.0000000
0.239  0.0000000
0.240  0.0000000
0.241  0.0000000
0.242  0.0000001
0.243  0.0000001
0.244  0.0000001
0.245  0.0000001
0.246  0.0000001
0.247  0.0000001
0.248  0.0000001
0.249  0.0000001
0.250  0.0000001
0.251  0.0000001
0.252  0.0000001
0.253  0.0000001
0.254  0.0000001
0.255  0.0000001
0.256  0.0000002
0.257  0.0000002
0.258  0.0000002
0.259  0.0000002
0.260  0.0000002
0.261  0.0000002
0.262  0.0000003
0.263  0.0000003
0.264  0.0000003
0.265  0.0000003
0.266  0.0000003
0.267  0.0000004
0.268  0.0000004
0.269  0.0000004
0.270  0.0000005
0.271  0.0000005
0.272  0.0000005
0.273  0.0000006
0.274  0.0000006
0.275  0.0000007
0.276  0.0000007
0.277  0.0000008
0.278  0.0000008
0.279  0.0000009
0.280  0.0000009
0.281  0.0000010
0.282  0.0000011
0.283  0.0000011
0.284  0.0000012
0.285  0.0000013
0.286  0.0000014
0.287  0.0000015
0.288  0.0000016
0.289  0.0000017
0.290  0.0000018
0.291  0.0000020
0.292  0.0000021
0.293  0.0000023
0.294  0.0000024
0.295  0.0000026
0.296  0.0000028
0.297  0.0000029
0.298  0.0000031
0.299  0.0000034
0.300  0.0000036
0.301  0.0000038
0.302  0.0000041
0.303  0.0000043
0.304  0.0000046
0.305  0.0000049
0.306  0.0000053
0.307  0.0000056
0.308  0.0000060
0.309  0.0000064
0.310  0.0000068
0.311  0.0000072
0.312  0.0000077
0.313  0.0000082
0.314  0.0000087
0.315  0.0000092
0.316  0.0000098
0.317  0.0000104
0.318  0.0000111
0.319  0.0000118
0.320  0.0000125
0.321  0.0000133
0.322  0.0000141
0.323  0.0000150
0.324  0.0000159
0.325  0.0000169
0.326  0.0000179
0.327  0.0000190
0.328  0.0000201
0.329  0.0000213
0.330  0.0000226
0.331  0.0000240
0.332  0.0000254
0.333  0.0000269
0.334  0.0000285
0.335  0.0000301
0.336  0.0000319
0.337  0.0000337
0.338  0.0000357
0.339  0.0000378
0.340  0.0000399
0.341  0.0000422
0.342  0.0000446
0.343  0.0000472
0.344  0.0000499
0.345  0.0000527
0.346  0.0000556
0.347  0.0000588
0.348  0.0000620
0.349  0.0000655
0.350  0.0000691
0.351  0.0000729
0.352  0.0000770
0.353  0.0000812
0.354  0.0000856
0.355  0.0000903
0.356  0.0000951
0.357  0.0001003
0.358  0.0001057
0.359  0.0001113
0.360  0.0001172
0.361  0.0001235
0.362  0.0001300
0.363  0.0001369
0.364  0.0001440
0.365  0.0001516
0.366  0.0001595
0.367  0.0001678
0.368  0.0001764
0.369  0.0001855
0.370  0.0001950
0.371  0.0002050
0.372  0.0002154
0.373  0.0002264
0.374  0.0002378
0.375  0.0002498
0.376  0.0002623
0.377  0.0002754
0.378  0.0002891
0.379  0.0003034
0.380  0.0003184
0.381  0.0003341
0.382  0.0003504
0.383  0.0003675
0.384  0.0003854
0.385  0.0004040
0.386  0.0004235
0.387  0.0004439
0.388  0.0004651
0.389  0.0004873
0.390  0.0005104
0.391  0.0005346
0.392  0.0005598
0.393  0.0005860
0.394  0.0006134
0.395  0.0006420
0.396  0.0006718
0.397  0.0007028
0.398  0.0007352
0.399  0.0007689
0.400  0.0008040
0.401  0.0008406
0.402  0.0008787
0.403  0.0009183
0.404  0.0009596
0.405  0.0010026
0.406  0.0010473
0.407  0.0010938
0.408  0.0011422
0.409  0.0011926
0.410  0.0012450
0.411  0.0012994
0.412  0.0013560
0.413  0.0014149
0.414  0.0014760
0.415  0.0015395
0.416  0.0016056
0.417  0.0016741
0.418  0.0017453
0.419  0.0018193
0.420  0.0018961
0.421  0.0019758
0.422  0.0020585
0.423  0.0021443
0.424  0.0022334
0.425  0.0023258
0.426  0.0024216
0.427  0.0025209
0.428  0.0026240
0.429  0.0027308
0.430  0.0028415
0.431  0.0029562
0.432  0.0030751
0.433  0.0031983
0.434  0.0033259
0.435  0.0034580
0.436  0.0035949
0.437  0.0037365
0.438  0.0038832
0.439  0.0040350
0.440  0.0041921
0.441  0.0043546
0.442  0.0045227
0.443  0.0046966
0.444  0.0048765
0.445  0.0050625
0.446  0.0052548
0.447  0.0054535
0.448  0.0056590
0.449  0.0058713
0.450  0.0060906
0.451  0.0063172
0.452  0.0065513
0.453  0.0067930
0.454  0.0070426
0.455  0.0073003
0.456  0.0075662
0.457  0.0078408
0.458  0.0081241
0.459  0.0084164
0.460  0.0087179
0.461  0.0090289
0.462  0.0093497
0.463  0.0096805
0.464  0.0100215
0.465  0.0103730
0.466  0.0107353
0.467  0.0111086
0.468  0.0114933
0.469  0.0118896
0.470  0.0122978
0.471  0.0127183
0.472  0.0131512
0.473  0.0135969
0.474  0.0140557
0.475  0.0145280
0.476  0.0150140
0.477  0.0155140
0.478  0.0160285
0.479  0.0165577
0.480  0.0171020
0.481  0.0176617
0.482  0.0182372
0.483  0.0188289
0.484  0.0194370
0.485  0.0200619
0.486  0.0207041
0.487  0.0213639
0.488  0.0220417
0.489  0.0227379
0.490  0.0234528
0.491  0.0241869
0.492  0.0249406
0.493  0.0257142
0.494  0.0265083
0.495  0.0273231
0.496  0.0281591
0.497  0.0290168
0.498  0.0298966
0.499  0.0307988
0.500  0.0317241
0.501  0.0326727
0.502  0.0336451
0.503  0.0346419
0.504  0.0356634
0.505  0.0367101
0.506  0.0377825
0.507  0.0388810
0.508  0.0400062
0.509  0.0411584
0.510  0.0423382
0.511  0.0435461
0.512  0.0447825
0.513  0.0460479
0.514  0.0473428
0.515  0.0486678
0.516  0.0500232
0.517  0.0514096
0.518  0.0528276
0.519  0.0542775
0.520  0.0557600
0.521  0.0572755
0.522  0.0588244
0.523  0.0604075
0.524  0.0620250
0.525  0.0636776
0.526  0.0653658
0.527  0.0670900
0.528  0.0688508
0.529  0.0706487
0.530  0.0724842
0.531  0.0743579
0.532  0.0762701
0.533  0.0782214
0.534  0.0802124
0.535  0.0822435
0.536  0.0843153
0.537  0.0864282
0.538  0.0885827
0.539  0.0907794
0.540  0.0930186
0.541  0.0953010
0.542  0.0976269
0.543  0.0999969
0.544  0.1024115
0.545  0.1048710
0.546  0.1073760
0.547  0.1099270
0.548  0.1125243
0.549  0.1151684
0.550  0.1178598
0.551  0.1205988
0.552  0.1233860
0.553  0.1262217
0.554  0.1291063
0.555  0.1320402
0.556  0.1350239
0.557  0.1380577
0.558  0.1411419
0.559  0.1442769
0.560  0.1474631
0.561  0.1507008
0.562  0.1539903
0.563  0.1573320
0.564  0.1607261
0.565  0.1641729
0.566  0.1676727
0.567  0.1712257
0.568  0.1748323
0.569  0.1784926
0.570  0.1822068
0.571  0.1859751
0.572  0.1897978
0.573  0.1936749
0.574  0.1976067
0.575  0.2015933
0.576  0.2056347
0.577  0.2097310
0.578  0.2138824
0.579  0.2180889
0.580  0.2223506
0.581  0.2266673
0.582  0.2310392
0.583  0.2354662
0.584  0.2399483
0.585  0.2444853
0.586  0.2490772
0.587  0.2537239
0.588  0.2584252
0.589  0.2631810
0.590  0.2679910
0.591  0.2728551
0.592  0.2777730
0.593  0.2827445
0.594  0.2877692
0.595  0.2928468
0.596  0.2979771
0.597  0.3031595
0.598  0.3083937
0.599  0.3136794
0.600  0.3190159
0.601  0.3244029
0.602  0.3298397
0.603  0.3353260
0.604  0.3408610
0.605  0.3464442
0.606  0.3520750
0.607  0.3577526
0.608  0.3634763
0.609  0.3692456
0.610  0.3750594
0.611  0.3809172
0.612  0.3868180
0.613  0.3927609
0.614  0.3987452
0.615  0.4047698
0.616  0.4108338
0.617  0.4169361
0.618  0.4230759
0.619  0.4292519
0.620  0.4354631
0.621  0.4417084
0.622  0.4479866
0.623  0.4542965
0.624  0.4606368
0.625  0.4670064
0.626  0.4734038
0.627  0.4798277
0.628  0.4862768
0.629  0.4927497
0.630  0.4992448
0.631  0.5057608
0.632  0.5122961
0.633  0.5188491
0.634  0.5254183
0.635  0.5320021
0.636  0.5385988
0.637  0.5452066
0.638  0.5518240
0.639  0.5584491
0.640  0.5650802
0.641  0.5717154
0.642  0.5783528
0.643  0.5849907
0.644  0.5916269
0.645  0.5982598
0.646  0.6048871
0.647  0.6115069
0.648  0.6181172
0.649  0.6247159
0.650  0.6313009
0.651  0.6378700
0.652  0.6444211
0.653  0.6509519
0.654  0.6574603
0.655  0.6639441
0.656  0.6704008
0.657  0.6768283
0.658  0.6832242
0.659  0.6895861
0.660  0.6959117
0.661  0.7021985
0.662  0.7084442
0.663  0.7146463
0.664  0.7208023
0.665  0.7269097
0.666  0.7329661
0.667  0.7389688
0.668  0.7449154
0.669  0.7508033
0.670  0.7566298
0.671  0.7623925
0.672  0.7680887
0.673  0.7737158
0.674  0.7792711
0.675  0.7847521
0.676  0.7901559
0.677  0.7954801
0.678  0.8007218
0.679  0.8058785
0.680  0.8109475
0.681  0.8159259
0.682  0.8208113
0.683  0.8256008
0.684  0.8302918
0.685  0.8348815
0.686  0.8393673
0.687  0.8437465
0.688  0.8480164
0.689  0.8521743
0.690  0.8562175
0.691  0.8601434
0.692  0.8639493
0.693  0.8676326
0.694  0.8711906
0.695  0.8746206
0.696  0.8779202
0.697  0.8810866
0.698  0.8841174
0.699  0.8870099
0.700  0.8897616
0.701  0.8923700
0.702  0.8948327
0.703  0.8971471
0.704  0.8993108
0.705  0.9013214
0.706  0.9031765
0.707  0.9048738
0.708  0.9064110
0.709  0.9077856
0.710  0.9089956
0.711  0.9100387
0.712  0.9109126
0.713  0.9116153
0.714  0.9121447
0.715  0.9124987
0.716  0.9126753
0.717  0.9126726
0.718  0.9124885
0.719  0.9121213
0.720  0.9115691
0.721  0.9108302
0.722  0.9099028
0.723  0.9087853
0.724  0.9074760
0.725  0.9059734
0.726  0.9042761
0.727  0.9023825
0.728  0.9002914
0.729  0.8980013
0.730  0.8955111
0.731  0.8928196
0.732  0.8899256
0.733  0.8868281
0.734  0.8835261
0.735  0.8800188
0.736  0.8763052
0.737  0.8723846
0.738  0.8682563
0.739  0.8639197
0.740  0.8593743
0.741  0.8546195
0.742  0.8496550
0.743  0.8444805
0.744  0.8390958
0.745  0.8335007
0.746  0.8276950
0.747  0.8216790
0.748  0.8154525
0.749  0.8090159
0.750  0.8023694
0.751  0.7955133
0.752  0.7884481
0.753  0.7811743
0.754  0.7736926
0.755  0.7660035
0.756  0.7581080
0.757  0.7500068
0.758  0.7417011
0.759  0.7331917
0.760  0.7244800
0.761  0.7155670
0.762  0.7064542
0.763  0.6971430
0.764  0.6876349
0.765  0.6779316
0.766  0.6680346
0.767  0.6579458
0.768  0.6476672
0.769  0.6372006
0.770  0.6265482
0.771  0.6157121
0.772  0.6046946
0.773  0.5934980
0.774  0.5821248
0.775  0.5705774
0.776  0.5588586
0.777  0.5469711
0.778  0.5349176
0.779  0.5227010
0.780  0.5103243
0.781  0.4977907
0.782  0.4851032
0.783  0.4722651
0.784  0.4592797
0.785  0.4461505
0.786  0.4328810
0.787  0.4194747
0.788  0.4059353
0.789  0.3922666
0.790  0.3784724
0.791  0.3645567
0.792  0.3505233
0.793  0.3363765
0.794  0.3221203
0.795  0.3077589
0.796  0.2932967
0.797  0.2787381
0.798  0.2640874
0.799  0.2493492
0.800  0.2345280
0.801  0.2196285
0.802  0.2046554
0.803  0.1896135
0.804  0.1745076
0.805  0.1593426
0.806  0.1441234
0.807  0.1288550
0.808  0.1135426
0.809  0.0981912
0.810  0.0828059
0.811  0.0673920
0.812  0.0519547
0.813  0.0364994
0.814  0.0210313
0.815  0.0055558
0.816 -0.0099216
0.817 -0.0253955
0.818 -0.0408604
0.819 -0.0563109
0.820 -0.0717413
0.821 -0.0871461
0.822 -0.1025197
0.823 -0.1178565
0.824 -0.1331509
0.825 -0.1483972
0.826 -0.1635898
0.827 -0.1787230
0.828 -0.1937911
0.829 -0.2087885
0.830 -0.2237095
0.831 -0.2385483
0.832 -0.2532993
0.833 -0.2679569
0.834 -0.2825153
0.835 -0.2969689
0.836 -0.3113120
0.837 -0.3255391
0.838 -0.3396444
0.839 -0.3536225
0.840 -0.3674677
0.841 -0.3811745
0.842 -0.3947374
0.843 -0.4081509
0.844 -0.4214096
0.845 -0.4345080
0.846 -0.4474408
0.847 -0.4602027
0.848 -0.4727883
0.849 -0.4851925
0.850 -0.4974101
0.851 -0.5094360
0.852 -0.5212650
0.853 -0.5328922
0.854 -0.5443126
0.855 -0.5555213
0.856 -0.5665136
0.857 -0.5772847
0.858 -0.5878298
0.859 -0.5981445
0.860 -0.6082241
0.861 -0.6180642
0.862 -0.6276606
0.863 -0.6370088
0.864 -0.6461047
0.865 -0.6549443
0.866 -0.6635234
0.867 -0.6718383
0.868 -0.6798850
0.869 -0.6876599
0.870 -0.6951593
0.871 -0.7023798
0.872 -0.7093178
0.873 -0.7159702
0.874 -0.7223337
0.875 -0.7284053
0.876 -0.7341819
0.877 -0.7396608
0.878 -0.7448392
0.879 -0.7497145
0.880 -0.7542841
0.881 -0.7585458
0.882 -0.7624973
0.883 -0.7661364
0.884 -0.7694611
0.885 -0.7724697
0.886 -0.7751603
0.887 -0.7775313
0.888 -0.7795814
0.889 -0.7813090
0.890 -0.7827131
0.891 -0.7837926
0.892 -0.7845466
0.893 -0.7849741
0.894 -0.7850747
0.895 -0.7848478
0.896 -0.7842930
0.897 -0.7834101
0.898 -0.7821989
0.899 -0.7806597
0.900 -0.7787925
0.901 -0.7765977
0.902 -0.7740758
0.903 -0.7712274
0.904 -0.7680533
0.905 -0.7645544
0.906 -0.7607319
0.907 -0.7565868
0.908 -0.7521205
0.909 -0.7473346
0.910 -0.7422307
0.911 -0.7368106
0.912 -0.7310762
0.913 -0.7250295
0.914 -0.7186729
0.915 -0.7120086
0.916 -0.7050392
0.917 -0.6977674
0.918 -0.6901958
0.919 -0.6823274
0.920 -0.6741653
0.921 -0.6657127
0.922 -0.6569729
0.923 -0.6479493
0.924 -0.6386457
0.925 -0.6290656
0.926 -0.6192130
0.927 -0.6090919
0.928 -0.5987064
0.929 -0.5880607
0.930 -0.5771592
0.931 -0.5660065
0.932 -0.5546071
0.933 -0.5429657
0.934 -0.5310873
0.935 -0.5189768
0.936 -0.5066392
0.937 -0.4940799
0.938 -0.4813040
0.939 -0.4683170
0.940 -0.4551244
0.941 -0.4417318
0.942 -0.4281450
0.943 -0.4143697
0.944 -0.4004119
0.945 -0.3862776
0.946 -0.3719729
0.947 -0.3575038
0.948 -0.3428768
0.949 -0.3280982
0.950 -0.3131743
0.951 -0.2981117
0.952 -0.2829170
0.953 -0.2675967
0.954 -0.2521576
0.955 -0.2366065
0.956 -0.2209503
0.957 -0.2051957
0.958 -0.1893497
0.959 -0.1734194
0.960 -0.1574118
0.961 -0.1413339
0.962 -0.1251930
0.963 -0.1089961
0.964 -0.0927505
0.965 -0.0764634
0.966 -0.0601421
0.967 -0.0437939
0.968 -0.0274260
0.969 -0.0110458
0.970  0.0053393
0.971  0.0217220
0.972  0.0380950
0.973  0.0544508
0.974  0.0707822
0.975  0.0870817
0.976  0.1033420
0.977  0.1195557
0.978  0.1357156
0.979  0.1518143
0.980  0.1678445
0.981  0.1837989
0.982  0.1996703
0.983  0.2154515
0.984  0.2311354
0.985  0.2467146
0.986  0.2621823
0.987  0.2775313
0.988  0.2927546
0.989  0.3078453
0.990  0.3227964
0.991  0.3376012
0.992  0.3522528
0.993  0.3667445
0.994  0.3810698
0.995  0.3952219
0.996  0.4091945
0.997  0.4229811
0.998  0.4365754
0.999  0.4499711
1.000  0.4631620
1.001  0.4761421
1.002  0.4889053
1.003  0.5014459
1.004  0.5137580
1.005  0.5258359
1.006  0.5376741
1.007  0.5492670
1.008  0.5606093
1.009  0.5716958
1.010  0.5825213
1.011  0.5930808
1.012  0.6033694
1.013  0.6133823
1.014  0.6231149
1.015  0.6325627
1.016  0.6417212
1.017  0.6505863
1.018  0.6591537
1.019  0.6674196
1.020  0.6753799
1.021  0.6830311
1.022  0.6903696
1.023  0.6973919
1.024  0.7040948
1.025  0.7104751
1.026  0.7165298
1.027  0.7222562
1.028  0.7276515
1.029  0.7327132
1.030  0.7374389
1.031  0.7418264
1.032  0.7458736
1.033  0.7495787
1.034  0.7529399
1.035  0.7559555
1.036  0.7586242
1.037  0.7609448
1.038  0.7629160
1.039  0.7645370
1.040  0.7658069
1.041  0.7667252
1.042  0.7672915
1.043  0.7675053
1.044  0.7673666
1.045  0.7668754
1.046  0.7660320
1.047  0.7648366
1.048  0.7632898
1.049  0.7613924
1.050  0.7591451
1.051  0.7565490
1.052  0.7536053
1.053  0.7503152
1.054  0.7466804
1.055  0.7427024
1.056  0.7383832
1.057  0.7337245
1.058  0.7287288
1.059  0.7233981
1.060  0.7177349
1.061  0.7117420
1.062  0.7054219
1.063  0.6987777
1.064  0.6918124
1.065  0.6845292
1.066  0.6769315
1.067  0.6690227
1.068  0.6608066
1.069  0.6522869
1.070  0.6434675
1.071  0.6343525
1.072  0.6249461
1.073  0.6152527
1.074  0.6052767
1.075  0.5950228
1.076  0.5844956
1.077  0.5737001
1.078  0.5626411
1.079  0.5513239
1.080  0.5397536
1.081  0.5279356
1.082  0.5158753
1.083  0.5035783
1.084  0.4910502
1.085  0.4782969
1.086  0.4653242
1.087  0.4521381
1.088  0.4387447
1.089  0.4251501
1.090  0.4113606
1.091  0.3973826
1.092  0.3832224
1.093  0.3688867
1.094  0.3543820
1.095  0.3397149
1.096  0.3248923
1.097  0.3099209
1.098  0.2948077
1.099  0.2795595
1.100  0.2641834
1.101  0.2486864
1.102  0.2330757
1.103  0.2173584
1.104  0.2015417
1.105  0.1856329
1.106  0.1696392
1.107  0.1535680
1.108  0.1374267
1.109  0.1212226
1.110  0.1049631
1.111  0.0886558
1.112  0.0723079
1.113  0.0559271
1.114  0.0395208
1.115  0.0230964
1.116  0.0066616
1.117 -0.0097764
1.118 -0.0262098
1.119 -0.0426313
1.120 -0.0590334
1.121 -0.0754087
1.122 -0.0917496
1.123 -0.1080488
1.124 -0.1242988
1.125 -0.1404923
1.126 -0.1566219
1.127 -0.1726803
1.128 -0.1886603
1.129 -0.2045547
1.130 -0.2203561
1.131 -0.2360575
1.132 -0.2516518
1.133 -0.2671320
1.134 -0.2824911
1.135 -0.2977221
1.136 -0.3128182
1.137 -0.3277726
1.138 -0.3425786
1.139 -0.3572295
1.140 -0.3717188
1.141 -0.3860400
1.142 -0.4001866
1.143 -0.4141523
1.144 -0.4279310
1.145 -0.4415163
1.146 -0.4549023
1.147 -0.4680831
1.148 -0.4810526
1.149 -0.4938052
1.150 -0.5063353
1.151 -0.5186372
1.152 -0.5307055
1.153 -0.5425348
1.154 -0.5541200
1.155 -0.5654559
1.156 -0.5765376
1.157 -0.5873601
1.158 -0.5979187
1.159 -0.6082088
1.160 -0.6182259
1.161 -0.6279656
1.162 -0.6374236
1.163 -0.6465959
1.164 -0.6554784
1.165 -0.6640673
1.166 -0.6723589
1.167 -0.6803496
1.168 -0.6880360
1.169 -0.6954148
1.170 -0.7024828
1.171 -0.7092370
1.172 -0.7156746
1.173 -0.7217928
1.174 -0.7275891
1.175 -0.7330610
1.176 -0.7382062
1.177 -0.7430226
1.178 -0.7475082
1.179 -0.7516613
1.180 -0.7554800
1.181 -0.7589630
1.182 -0.7621087
1.183 -0.7649160
1.184 -0.7673839
1.185 -0.7695113
1.186 -0.7712975
1.187 -0.7727419
1.188 -0.7738441
1.189 -0.7746037
1.190 -0.7750206
1.191 -0.7750948
1.192 -0.7748264
1.193 -0.7742158
1.194 -0.7732633
1.195 -0.7719696
1.196 -0.7703355
1.197 -0.7683619
1.198 -0.7660497
1.199 -0.7634004
1.200 -0.7604150
1.201 -0.7570953
1.202 -0.7534428
1.203 -0.7494594
1.204 -0.7451469
1.205 -0.7405074
1.206 -0.7355433
1.207 -0.7302567
1.208 -0.7246504
1.209 -0.7187268
1.210 -0.7124887
1.211 -0.7059392
1.212 -0.6990812
1.213 -0.6919178
1.214 -0.6844525
1.215 -0.6766887
1.216 -0.6686299
1.217 -0.6602798
1.218 -0.6516422
1.219 -0.6427211
1.220 -0.6335206
1.221 -0.6240447
1.222 -0.6142978
1.223 -0.6042843
1.224 -0.5940087
1.225 -0.5834756
1.226 -0.5726897
1.227 -0.5616559
1.228 -0.5503792
1.229 -0.5388644
1.230 -0.5271169
1.231 -0.5151417
1.232 -0.5029443
1.233 -0.4905299
1.234 -0.4779042
1.235 -0.4650727
1.236 -0.4520410
1.237 -0.4388149
1.238 -0.4254003
1.239 -0.4118029
1.240 -0.3980287
1.241 -0.3840839
1.242 -0.3699744
1.243 -0.3557064
1.244 -0.3412862
1.245 -0.3267200
1.246 -0.3120142
1.247 -0.2971750
1.248 -0.2822091
1.249 -0.2671227
1.250 -0.2519225
1.251 -0.2366150
1.252 -0.2212068
1.253 -0.2057045
1.254 -0.1901148
1.255 -0.1744443
1.256 -0.1586998
1.257 -0.1428880
1.258 -0.1270156
1.259 -0.1110894
1.260 -0.0951163
1.261 -0.0791028
1.262 -0.0630560
1.263 -0.0469826
1.264 -0.0308893
1.265 -0.0147830
1.266  0.0013296
1.267  0.0174415
1.268  0.0335462
1.269  0.0496367
1.270  0.0657064
1.271  0.0817485
1.272  0.0977563
1.273  0.1137232
1.274  0.1296424
1.275  0.1455074
1.276  0.1613116
1.277  0.1770484
1.278  0.1927112
1.279  0.2082937
1.280  0.2237894
1.281  0.2391918
1.282  0.2544947
1.283  0.2696918
1.284  0.2847769
1.285  0.2997437
1.286  0.3145862
1.287  0.3292983
1.288  0.3438740
1.289  0.3583074
1.290  0.3725926
1.291  0.3867239
1.292  0.4006956
1.293  0.4145020
1.294  0.4281375
1.295  0.4415968
1.296  0.4548743
1.297  0.4679648
1.298  0.4808631
1.299  0.4935640
1.300  0.5060625
1.301  0.5183537
1.302  0.5304326
1.303  0.5422945
1.304  0.5539348
1.305  0.5653489
1.306  0.5765323
1.307  0.5874806
1.308  0.5981896
1.309  0.6086552
1.310  0.6188732
1.311  0.6288398
1.312  0.6385511
1.313  0.6480035
1.314  0.6571932
1.315  0.6661168
1.316  0.6747710
1.317  0.6831524
1.318  0.6912580
1.319  0.6990846
1.320  0.7066294
1.321  0.7138896
1.322  0.7208625
1.323  0.7275456
1.324  0.7339364
1.325  0.7400327
1.326  0.7458322
1.327  0.7513330
1.328  0.7565330
1.329  0.7614305
1.330  0.7660237
1.331  0.7703112
1.332  0.7742914
1.333  0.7779631
1.334  0.7813251
1.335  0.7843764
1.336  0.7871160
1.337  0.7895431
1.338  0.7916570
1.339  0.7934573
1.340  0.7949434
1.341  0.7961151
1.342  0.7969722
1.343  0.7975146
1.344  0.7977425
1.345  0.7976560
1.346  0.7972555
1.347  0.7965415
1.348  0.7955144
1.349  0.7941751
1.350  0.7925242
1.351  0.7905629
1.352  0.7882920
1.353  0.7857129
1.354  0.7828268
1.355  0.7796352
1.356  0.7761395
1.357  0.7723414
1.358  0.7682428
1.359  0.7638454
1.360  0.7591514
1.361  0.7541627
1.362  0.7488816
1.363  0.7433105
1.364  0.7374518
1.365  0.7313080
1.366  0.7248818
1.367  0.7181760
1.368  0.7111933
1.369  0.7039368
1.370  0.6964096
1.371  0.6886147
1.372  0.6805555
1.373  0.6722353
1.374  0.6636576
1.375  0.6548258
1.376  0.6457437
1.377  0.6364150
1.378  0.6268434
1.379  0.6170328
1.380  0.6069873
1.381  0.5967109
1.382  0.5862077
1.383  0.5754820
1.384  0.5645380
1.385  0.5533801
1.386  0.5420128
1.387  0.5304405
1.388  0.5186679
1.389  0.5066997
1.390  0.4945404
1.391  0.4821949
1.392  0.4696681
1.393  0.4569647
1.394  0.4440899
1.395  0.4310486
1.396  0.4178457
1.397  0.4044866
1.398  0.3909762
1.399  0.3773199
1.400  0.3635229
1.401  0.3495903
1.402  0.3355277
1.403  0.3213403
1.404  0.3070336
1.405  0.2926130
1.406  0.2780839
1.407  0.2634519
1.408  0.2487224
1.409  0.2339010
1.410  0.2189934
1.411  0.2040050
1.412  0.1889415
1.413  0.1738085
1.414  0.1586116
1.415  0.1433565
1.416  0.1280488
1.417  0.1126943
1.418  0.0972985
1.419  0.0818672
1.420  0.0664060
1.421  0.0509206
1.422  0.0354166
1.423  0.0198997
1.424  0.0043756
1.425 -0.0111501
1.426 -0.0266717
1.427 -0.0421837
1.428 -0.0576804
1.429 -0.0731563
1.430 -0.0886057
1.431 -0.1040233
1.432 -0.1194033
1.433 -0.1347404
1.434 -0.1500291
1.435 -0.1652639
1.436 -0.1804395
1.437 -0.1955504
1.438 -0.2105914
1.439 -0.2255571
1.440 -0.2404423
1.441 -0.2552418
1.442 -0.2699505
1.443 -0.2845630
1.444 -0.2990745
1.445 -0.3134798
1.446 -0.3277741
1.447 -0.3419522
1.448 -0.3560094
1.449 -0.3699409
1.450 -0.3837418
1.451 -0.3974075
1.452 -0.4109333
1.453 -0.4243146
1.454 -0.4375469
1.455 -0.4506257
1.456 -0.4635465
1.457 -0.4763052
1.458 -0.4888974
1.459 -0.5013188
1.460 -0.5135655
1.461 -0.5256332
1.462 -0.5375181
1.463 -0.5492162
1.464 -0.5607237
1.465 -0.5720368
1.466 -0.5831518
1.467 -0.5940651
1.468 -0.6047732
1.469 -0.6152727
1.470 -0.6255601
1.471 -0.6356322
1.472 -0.6454859
1.473 -0.6551178
1.474 -0.6645251
1.475 -0.6737048
1.476 -0.6826540
1.477 -0.6913699
1.478 -0.6998499
1.479 -0.7080914
1.480 -0.7160917
1.481 -0.7238486
1.482 -0.7313596
1.483 -0.7386225
1.484 -0.7456352
1.485 -0.7523957
1.486 -0.7589018
1.487 -0.7651518
1.488 -0.7711438
1.489 -0.7768762
1.490 -0.7823473
1.491 -0.7875557
1.492 -0.7924999
1.493 -0.7971786
1.494 -0.8015906
1.495 -0.8057346
1.496 -0.8096098
1.497 -0.8132150
1.498 -0.8165495
1.499 -0.8196125
1.500 -0.8224033
1.501 -0.8249213
1.502 -0.8271661
1.503 -0.8291372
1.504 -0.8308343
1.505 -0.8322573
1.506 -0.8334060
1.507 -0.8342803
1.508 -0.8348805
1.509 -0.8352065
1.510 -0.8352586
1.511 -0.8350372
1.512 -0.8345427
1.513 -0.8337757
1.514 -0.8327366
1.515 -0.8314263
1.516 -0.8298454
1.517 -0.8279949
1.518 -0.8258756
1.519 -0.8234888
1.520 -0.8208353
1.521 -0.8179165
1.522 -0.8147337
1.523 -0.8112882
1.524 -0.8075814
1.525 -0.8036150
1.526 -0.7993905
1.527 -0.7949096
1.528 -0.7901741
1.529 -0.7851858
1.530 -0.7799467
1.531 -0.7744588
1.532 -0.7687241
1.533 -0.7627448
1.534 -0.7565231
1.535 -0.7500614
1.536 -0.7433620
1.537 -0.7364273
1.538 -0.7292598
1.539 -0.7218622
1.540 -0.7142370
1.541 -0.7063870
1.542 -0.6983148
1.543 -0.6900235
1.544 -0.6815158
1.545 -0.6727948
1.546 -0.6638633
1.547 -0.6547246
1.548 -0.6453817
1.549 -0.6358379
1.550 -0.6260963
1.551 -0.6161602
1.552 -0.6060331
1.553 -0.5957183
1.554 -0.5852193
1.555 -0.5745395
1.556 -0.5636824
1.557 -0.5526518
1.558 -0.5414512
1.559 -0.5300843
1.560 -0.5185548
1.561 -0.5068664
1.562 -0.4950230
1.563 -0.4830284
1.564 -0.4708865
1.565 -0.4586011
1.566 -0.4461762
1.567 -0.4336158
1.568 -0.4209239
1.569 -0.4081045
1.570 -0.3951616
1.571 -0.3820994
1.572 -0.3689219
1.573 -0.3556333
1.574 -0.3422377
1.575 -0.3287393
1.576 -0.3151424
1.577 -0.3014510
1.578 -0.2876695
1.579 -0.2738021
1.580 -0.2598531
1.581 -0.2458266
1.582 -0.2317270
1.583 -0.2175587
1.584 -0.2033258
1.585 -0.1890327
1.586 -0.1746838
1.587 -0.1602832
1.588 -0.1458354
1.589 -0.1313447
1.590 -0.1168153
1.591 -0.1022517
1.592 -0.0876581
1.593 -0.0730388
1.594 -0.0583982
1.595 -0.0437406
1.596 -0.0290702
1.597 -0.0143913
1.598  0.0002917
1.599  0.0149747
1.600  0.0296533
1.601  0.0443233
1.602  0.0589806
1.603  0.0736208
1.604  0.0882398
1.605  0.1028335
1.606  0.1173976
1.607  0.1319281
1.608  0.1464208
1.609  0.1608716
1.610  0.1752766
1.611  0.1896315
1.612  0.2039325
1.613  0.2181756
1.614  0.2323568
1.615  0.2464721
1.616  0.2605177
1.617  0.2744897
1.618  0.2883843
1.619  0.3021977
1.620  0.3159261
1.621  0.3295659
1.622  0.3431132
1.623  0.3565645
1.624  0.3699162
1.625  0.3831646
1.626  0.3963063
1.627  0.4093377
1.628  0.4222554
1.629  0.4350560
1.630  0.4477361
1.631  0.4602924
1.632  0.4727217
1.633  0.4850206
1.634  0.4971861
1.635  0.5092149
1.636  0.5211041
1.637  0.5328504
1.638  0.5444511
1.639  0.5559030
1.640  0.5672033
1.641  0.5783493
1.642  0.5893380
1.643  0.6001668
1.644  0.6108330
1.645  0.6213339
1.646  0.6316669
1.647  0.6418297
1.648  0.6518195
1.649  0.6616342
1.650  0.6712712
1.651  0.6807284
1.652  0.6900034
1.653  0.6990941
1.654  0.7079983
1.655  0.7167139
1.656  0.7252390
1.657  0.7335716
1.658  0.7417098
1.659  0.7496517
1.660  0.7573956
1.661  0.7649397
1.662  0.7722824
1.663  0.7794221
1.664  0.7863571
1.665  0.7930861
1.666  0.7996076
1.667  0.8059202
1.668  0.8120226
1.669  0.8179137
1.670  0.8235921
1.671  0.8290567
1.672  0.8343066
1.673  0.8393407
1.674  0.8441579
1.675  0.8487576
1.676  0.8531388
1.677  0.8573007
1.678  0.8612427
1.679  0.8649641
1.680  0.8684643
1.681  0.8717428
1.682  0.8747991
1.683  0.8776329
1.684  0.8802437
1.685  0.8826312
1.686  0.8847953
1.687  0.8867358
1.688  0.8884525
1.689  0.8899454
1.690  0.8912145
1.691  0.8922598
1.692  0.8930815
1.693  0.8936798
1.694  0.8940547
1.695  0.8942067
1.696  0.8941361
1.697  0.8938433
1.698  0.8933287
1.699  0.8925928
1.700  0.8916362
1.701  0.8904594
1.702  0.8890633
1.703  0.8874484
1.704  0.8856155
1.705  0.8835656
1.706  0.8812994
1.707  0.8788178
1.708  0.8761219
1.709  0.8732126
1.710  0.8700912
1.711  0.8667585
1.712  0.8632159
1.713  0.8594646
1.714  0.8555058
1.715  0.8513409
1.716  0.8469711
1.717  0.8423980
1.718  0.8376229
1.719  0.8326474
1.720  0.8274730
1.721  0.8221012
1.722  0.8165338
1.723  0.8107723
1.724  0.8048185
1.725  0.7986742
1.726  0.7923410
1.727  0.7858209
1.728  0.7791157
1.729  0.7722274
1.730  0.7651578
1.731  0.7579089
1.732  0.7504828
1.733  0.7428815
1.734  0.7351070
1.735  0.7271616
1.736  0.7190474
1.737  0.7107664
1.738  0.7023211
1.739  0.6937135
1.740  0.6849460
1.741  0.6760209
1.742  0.6669405
1.743  0.6577072
1.744  0.6483234
1.745  0.6387915
1.746  0.6291139
1.747  0.6192931
1.748  0.6093316
1.749  0.5992319
1.750  0.5889966
1.751  0.5786282
1.752  0.5681293
1.753  0.5575025
1.754  0.5467504
1.755  0.5358757
1.756  0.5248810
1.757  0.5137690
1.758  0.5025424
1.759  0.4912039
1.760  0.4797563
1.761  0.4682022
1.762  0.4565445
1.763  0.4447859
1.764  0.4329292
1.765  0.4209772
1.766  0.4089327
1.767  0.3967985
1.768  0.3845774
1.769  0.3722723
1.770  0.3598860
1.771  0.3474213
1.772  0.3348812
1.773  0.3222685
1.774  0.3095860
1.775  0.2968366
1.776  0.2840232
1.777  0.2711487
1.778  0.2582159
1.779  0.2452278
1.780  0.2321872
1.781  0.2190971
1.782  0.2059602
1.783  0.1927795
1.784  0.1795579
1.785  0.1662982
1.786  0.1530033
1.787  0.1396762
1.788  0.1263196
1.789  0.1129365
1.790  0.0995296
1.791  0.0861019
1.792  0.0726562
1.793  0.0591954
1.794  0.0457222
1.795  0.0322395
1.796  0.0187501
1.797  0.0052569
1.798 -0.0082375
1.799 -0.0217301
1.800 -0.0352183
1.801 -0.0486992
1.802 -0.0621702
1.803 -0.0756284
1.804 -0.0890712
1.805 -0.1024959
1.806 -0.1158997
1.807 -0.1292800
1.808 -0.1426341
1.809 -0.1559594
1.810 -0.1692533
1.811 -0.1825130
1.812 -0.1957361
1.813 -0.2089200
1.814 -0.2220620
1.815 -0.2351598
1.816 -0.2482106
1.817 -0.2612121
1.818 -0.2741618
1.819 -0.2870571
1.820 -0.2998957
1.821 -0.3126752
1.822 -0.3253931
1.823 -0.3380471
1.824 -0.3506349
1.825 -0.3631540
1.826 -0.3756023
1.827 -0.3879773
1.828 -0.4002770
1.829 -0.4124989
1.830 -0.4246411
1.831 -0.4367011
1.832 -0.4486770
1.833 -0.4605665
1.834 -0.4723677
1.835 -0.4840783
1.836 -0.4956963
1.837 -0.5072198
1.838 -0.5186467
1.839 -0.5299751
1.840 -0.5412030
1.841 -0.5523285
1.842 -0.5633498
1.843 -0.5742649
1.844 -0.5850720
1.845 -0.5957694
1.846 -0.6063553
1.847 -0.6168280
1.848 -0.6271856
1.849 -0.6374266
1.850 -0.6475494
1.851 -0.6575522
1.852 -0.6674335
1.853 -0.6771917
1.854 -0.6868254
1.855 -0.6963329
1.856 -0.7057129
1.857 -0.7149639
1.858 -0.7240845
1.859 -0.7330733
1.860 -0.7419290
1.861 -0.7506502
1.862 -0.7592358
1.863 -0.7676843
1.864 -0.7759947
1.865 -0.7841657
1.866 -0.7921962
1.867 -0.8000850
1.868 -0.8078310
1.869 -0.8154333
1.870 -0.8228907
1.871 -0.8302022
1.872 -0.8373670
1.873 -0.8443840
1.874 -0.8512523
1.875 -0.8579711
1.876 -0.8645396
1.877 -0.8709569
1.878 -0.8772222
1.879 -0.8833349
1.880 -0.8892941
1.881 -0.8950992
1.882 -0.9007496
1.883 -0.9062446
1.884 -0.9115836
1.885 -0.9167661
1.886 -0.9217916
1.887 -0.9266595
1.888 -0.9313693
1.889 -0.9359207
1.890 -0.9403133
1.891 -0.9445465
1.892 -0.9486202
1.893 -0.9525340
1.894 -0.9562876
1.895 -0.9598808
1.896 -0.9633132
1.897 -0.9665848
1.898 -0.9696953
1.899 -0.9726446
1.900 -0.9754327
1.901 -0.9780594
1.902 -0.9805246
1.903 -0.9828284
1.904 -0.9849707
1.905 -0.9869516
1.906 -0.9887711
1.907 -0.9904294
1.908 -0.9919264
1.909 -0.9932625
1.910 -0.9944377
1.911 -0.9954523
1.912 -0.9963064
1.913 -0.9970004
1.914 -0.9975344
1.915 -0.9979089
1.916 -0.9981240
1.917 -0.9981802
1.918 -0.9980779
1.919 -0.9978174
1.920 -0.9973992
1.921 -0.9968237
1.922 -0.9960914
1.923 -0.9952028
1.924 -0.9941585
1.925 -0.9929589
1.926 -0.9916046
1.927 -0.9900963
1.928 -0.9884345
1.929 -0.9866199
1.930 -0.9846532
1.931 -0.9825350
1.932 -0.9802660
1.933 -0.9778470
1.934 -0.9752786
1.935 -0.9725618
1.936 -0.9696971
1.937 -0.9666856
1.938 -0.9635279
1.939 -0.9602249
1.940 -0.9567776
1.941 -0.9531867
1.942 -0.9494532
1.943 -0.9455780
1.944 -0.9415621
1.945 -0.9374063
1.946 -0.9331117
1.947 -0.9286793
1.948 -0.9241101
1.949 -0.9194050
1.950 -0.9145652
1.951 -0.9095916
1.952 -0.9044855
1.953 -0.8992478
1.954 -0.8938796
1.955 -0.8883821
1.956 -0.8827564
1.957 -0.8770037
1.958 -0.8711251
1.959 -0.8651218
1.960 -0.8589949
1.961 -0.8527457
1.962 -0.8463754
1.963 -0.8398852
1.964 -0.8332763
1.965 -0.8265501
1.966 -0.8197076
1.967 -0.8127503
1.968 -0.8056794
1.969 -0.7984962
1.970 -0.7912020
1.971 -0.7837981
1.972 -0.7762858
1.973 -0.7686664
1.974 -0.7609414
1.975 -0.7531119
1.976 -0.7451795
1.977 -0.7371455
1.978 -0.7290111
1.979 -0.7207779
1.980 -0.7124472
1.981 -0.7040204
1.982 -0.6954988
1.983 -0.6868840
1.984 -0.6781772
1.985 -0.6693800
1.986 -0.6604937
1.987 -0.6515198
1.988 -0.6424597
1.989 -0.6333149
1.990 -0.6240867
1.991 -0.6147767
1.992 -0.6053862
1.993 -0.5959168
1.994 -0.5863699
1.995 -0.5767469
1.996 -0.5670494
1.997 -0.5572787
1.998 -0.5474363
1.999 -0.5375237
2.000 -0.5275425
2.001 -0.5174939
2.002 -0.5073796
2.003 -0.4972010
2.004 -0.4869596
2.005 -0.4766568
2.006 -0.4662941
2.007 -0.4558729
2.008 -0.4453949
2.009 -0.4348614
2.010 -0.4242738
2.011 -0.4136338
2.012 -0.4029427
2.013 -0.3922020
2.014 -0.3814131
2.015 -0.3705777
2.016 -0.3596970
2.017 -0.3487725
2.018 -0.3378058
2.019 -0.3267982
2.020 -0.3157513
2.021 -0.3046664
2.022 -0.2935450
2.023 -0.2823886
2.024 -0.2711985
2.025 -0.2599763
2.026 -0.2487233
2.027 -0.2374409
2.028 -0.2261306
2.029 -0.2147938
2.030 -0.2034319
2.031 -0.1920463
2.032 -0.1806384
2.033 -0.1692096
2.034 -0.1577612
2.035 -0.1462947
2.036 -0.1348114
2.037 -0.1233127
2.038 -0.1117999
2.039 -0.1002744
2.040 -0.0887376
2.041 -0.0771907
2.042 -0.0656352
2.043 -0.0540723
2.044 -0.0425033
2.045 -0.0309296
2.046 -0.0193525
2.047 -0.0077732
2.048  0.0038070
2.049  0.0153867
2.050  0.0269647
2.051  0.0385398
2.052  0.0501107
2.053  0.0616761
2.054  0.0732349
2.055  0.0847858
2.056  0.0963275
2.057  0.1078590
2.058  0.1193789
2.059  0.1308861
2.060  0.1423794
2.061  0.1538576
2.062  0.1653196
2.063  0.1767643
2.064  0.1881905
2.065  0.1995970
2.066  0.2109827
2.067  0.2223466
2.068  0.2336876
2.069  0.2450044
2.070  0.2562962
2.071  0.2675617
2.072  0.2788000
2.073  0.2900100
2.074  0.3011906
2.075  0.3123409
2.076  0.3234598
2.077  0.3345463
2.078  0.3455994
2.079  0.3566182
2.080  0.3676017
2.081  0.3785488
2.082  0.3894588
2.083  0.4003305
2.084  0.4111632
2.085  0.4219558
2.086  0.4327075
2.087  0.4434174
2.088  0.4540847
2.089  0.4647083
2.090  0.4752876
2.091  0.4858216
2.092  0.4963095
2.093  0.5067505
2.094  0.5171437
2.095  0.5274885
2.096  0.5377839
2.097  0.5480292
2.098  0.5582237
2.099  0.5683665
2.100  0.5784571
2.101  0.5884945
2.102  0.5984781
2.103  0.6084073
2.104  0.6182812
2.105  0.6280992
2.106  0.6378607
2.107  0.6475650
2.108  0.6572114
2.109  0.6667994
2.110  0.6763282
2.111  0.6857972
2.112  0.6952060
2.113  0.7045538
2.114  0.7138401
2.115  0.7230644
2.116  0.7322260
2.117  0.7413244
2.118  0.7503592
2.119  0.7593297
2.120  0.7682355
2.121  0.7770761
2.122  0.7858510
2.123  0.7945596
2.124  0.8032017
2.125  0.8117766
2.126  0.8202840
2.127  0.8287234
2.128  0.8370944
2.129  0.8453966
2.130  0.8536296
2.131  0.8617931
2.132  0.8698866
2.133  0.8779097
2.134  0.8858622
2.135  0.8937437
2.136  0.9015538
2.137  0.9092923
2.138  0.9169588
2.139  0.9245530
2.140  0.9320747
2.141  0.9395235
2.142  0.9468993
2.143  0.9542016
2.144  0.9614304
2.145  0.9685853
2.146  0.9756662
2.147  0.9826727
2.148  0.9896048
2.149  0.9964622
2.150  1.0032447
2.151  1.0099522
2.152  1.0165845
2.153  1.0231414
2.154  1.0296228
2.155  1.0360285
2.156  1.0423584
2.157  1.0486125
2.158  1.0547906
2.159  1.0608925
2.160  1.0669183
2.161  1.0728678
2.162  1.0787410
2.163  1.0845378
2.164  1.0902581
2.165  1.0959019
2.166  1.1014692
2.167  1.1069599
2.168  1.1123740
2.169  1.1177116
2.170  1.1229726
2.171  1.1281570
2.172  1.1332648
2.173  1.1382961
2.174  1.1432509
2.175  1.1481292
2.176  1.1529311
2.177  1.1576567
2.178  1.1623059
2.179  1.1668790
2.180  1.1713759
2.181  1.1757967
2.182  1.1801416
2.183  1.1844106
2.184  1.1886039
2.185  1.1927216
2.186  1.1967637
2.187  1.2007305
2.188  1.2046221
2.189  1.2084386
2.190  1.2121801
2.191  1.2158469
2.192  1.2194391
2.193  1.2229568
2.194  1.2264003
2.195  1.2297698
2.196  1.2330653
2.197  1.2362872
2.198  1.2394356
2.199  1.2425107
2.200  1.2455128
2.201  1.2484421
2.202  1.2512988
2.203  1.2540831
2.204  1.2567953
2.205  1.2594357
2.206  1.2620044
2.207  1.2645018
2.208  1.2669280
2.209  1.2692834
2.210  1.2715683
2.211  1.2737829
2.212  1.2759274
2.213  1.2780023
2.214  1.2800077
2.215  1.2819440
2.216  1.2838115
2.217  1.2856104
2.218  1.2873412
2.219  1.2890040
2.220  1.2905993
2.221  1.2921273
2.222  1.2935884
2.223  1.2949829
2.224  1.2963112
2.225  1.2975735
2.226  1.2987703
2.227  1.2999018
2.228  1.3009685
2.229  1.3019706
2.230  1.3029086
2.231  1.3037828
2.232  1.3045935
2.233  1.3053412
2.234  1.3060262
2.235  1.3066488
2.236  1.3072095
2.237  1.3077087
2.238  1.3081466
2.239  1.3085238
2.240  1.3088406
2.241  1.3090973
2.242  1.3092945
2.243  1.3094324
2.244  1.3095115
2.245  1.3095321
2.246  1.3094948
2.247  1.3093998
2.248  1.3092476
2.249  1.3090387
2.250  1.3087733
2.251  1.3084520
2.252  1.3080752
2.253  1.3076432
2.254  1.3071565
2.255  1.3066155
2.256  1.3060206
2.257  1.3053723
2.258  1.3046709
2.259  1.3039170
2.260  1.3031109
2.261  1.3022531
2.262  1.3013440
2.263  1.3003840
2.264  1.2993736
2.265  1.2983132
2.266  1.2972032
2.267  1.2960440
2.268  1.2948362
2.269  1.2935802
2.270  1.2922763
2.271  1.2909250
2.272  1.2895269
2.273  1.2880822
2.274  1.2865914
2.275  1.2850551
2.276  1.2834736
2.277  1.2818473
2.278  1.2801768
2.279  1.2784624
2.280  1.2767046
2.281  1.2749039
2.282  1.2730606
2.283  1.2711753
2.284  1.2692483
2.285  1.2672802
2.286  1.2652713
2.287  1.2632221
2.288  1.2611330
2.289  1.2590046
2.290  1.2568371
2.291  1.2546311
2.292  1.2523871
2.293  1.2501053
2.294  1.2477864
2.295  1.2454306
2.296  1.2430386
2.297  1.2406106
2.298  1.2381472
2.299  1.2356487
2.300  1.2331157
2.301  1.2305485
2.302  1.2279476
2.303  1.2253134
2.304  1.2226463
2.305  1.2199468
2.306  1.2172153
2.307  1.2144522
2.308  1.2116580
2.309  1.2088331
2.310  1.2059779
2.311  1.2030928
2.312  1.2001783
2.313  1.1972348
2.314  1.1942626
2.315  1.1912623
2.316  1.1882342
2.317  1.1851788
2.318  1.1820965
2.319  1.1789876
2.320  1.1758526
2.321  1.1726919
2.322  1.1695059
2.323  1.1662951
2.324  1.1630598
2.325  1.1598004
2.326  1.1565173
2.327  1.1532110
2.328  1.1498817
2.329  1.1465301
2.330  1.1431563
2.331  1.1397609
2.332  1.1363441
2.333  1.1329065
2.334  1.1294483
2.335  1.1259700
2.336  1.1224720
2.337  1.1189546
2.338  1.1154182
2.339  1.1118632
2.340  1.1082900
2.341  1.1046989
2.342  1.1010903
2.343  1.0974646
2.344  1.0938222
2.345  1.0901634
2.346  1.0864886
2.347  1.0827981
2.348  1.0790923
2.349  1.0753716
2.350  1.0716363
2.351  1.0678868
2.352  1.0641234
2.353  1.0603465
2.354  1.0565564
2.355  1.0527534
2.356  1.0489380
2.357  1.0451104
2.358  1.0412709
2.359  1.0374200
2.360  1.0335579
2.361  1.0296850
2.362  1.0258016
2.363  1.0219081
2.364  1.0180047
2.365  1.0140917
2.366  1.0101696
2.367  1.0062386
2.368  1.0022990
2.369  0.9983511
2.370  0.9943953
2.371  0.9904318
2.372  0.9864610
2.373  0.9824832
2.374  0.9784986
2.375  0.9745076
2.376  0.9705104
2.377  0.9665074
2.378  0.9624988
2.379  0.9584849
2.380  0.9544660
2.381  0.9504424
2.382  0.9464144
2.383  0.9423823
2.384  0.9383462
2.385  0.9343066
2.386  0.9302636
2.387  0.9262176
2.388  0.9221688
2.389  0.9181174
2.390  0.9140638
2.391  0.9100081
2.392  0.9059507
2.393  0.9018918
2.394  0.8978316
2.395  0.8937704
2.396  0.8897085
2.397  0.8856460
2.398  0.8815833
2.399  0.8775205
2.400  0.8734580
2.401  0.8693959
2.402  0.8653344
2.403  0.8612739
2.404  0.8572144
2.405  0.8531564
2.406  0.8490999
2.407  0.8450452
2.408  0.8409925
2.409  0.8369420
2.410  0.8328939
2.411  0.8288486
2.412  0.8248060
2.413  0.8207665
2.414  0.8167303
2.415  0.8126976
2.416  0.8086685
2.417  0.8046433
2.418  0.8006221
2.419  0.7966052
2.420  0.7925927
2.421  0.7885849
2.422  0.7845818
2.423  0.7805838
2.424  0.7765909
2.425  0.7726033
2.426  0.7686213
2.427  0.7646450
2.428  0.7606746
2.429  0.7567102
2.430  0.7527519
2.431  0.7488001
2.432  0.7448548
2.433  0.7409162
2.434  0.7369844
2.435  0.7330597
2.436  0.7291421
2.437  0.7252318
2.438  0.7213289
2.439  0.7174337
2.440  0.7135462
2.441  0.7096667
2.442  0.7057951
2.443  0.7019317
2.444  0.6980767
2.445  0.6942301
2.446  0.6903920
2.447  0.6865627
2.448  0.6827422
2.449  0.6789307
2.450  0.6751282
2.451  0.6713350
2.452  0.6675511
2.453  0.6637766
2.454  0.6600117
2.455  0.6562565
2.456  0.6525111
2.457  0.6487756
2.458  0.6450501
2.459  0.6413347
2.460  0.6376295
2.461  0.6339347
2.462  0.6302502
2.463  0.6265763
2.464  0.6229131
2.465  0.6192605
2.466  0.6156188
2.467  0.6119879
2.468  0.6083681
2.469  0.6047593
2.470  0.6011618
2.471  0.5975754
2.472  0.5940004
2.473  0.5904368
2.474  0.5868848
2.475  0.5833442
2.476  0.5798154
2.477  0.5762983
2.478  0.5727929
2.479  0.5692995
2.480  0.5658179
2.481  0.5623484
2.482  0.5588910
2.483  0.5554457
2.484  0.5520126
2.485  0.5485918
2.486  0.5451832
2.487  0.5417871
2.488  0.5384034
2.489  0.5350322
2.490  0.5316736
2.491  0.5283275
2.492  0.5249941
2.493  0.5216734
2.494  0.5183655
2.495  0.5150703
2.496  0.5117880
2.497  0.5085186
2.498  0.5052621
2.499  0.5020185
2.500  0.4987880
2.501  0.4955705
2.502  0.4923661
2.503  0.4891748
2.504  0.4859966
2.505  0.4828316
2.506  0.4796799
2.507  0.4765414
2.508  0.4734161
2.509  0.4703042
2.510  0.4672056
2.511  0.4641203
2.512  0.4610485
2.513  0.4579900
2.514  0.4549449
2.515  0.4519133
2.516  0.4488951
2.517  0.4458904
2.518  0.4428992
2.519  0.4399215
2.520  0.4369574
2.521  0.4340067
2.522  0.4310697
2.523  0.4281461
2.524  0.4252362
2.525  0.4223398
2.526  0.4194570
2.527  0.4165879
2.528  0.4137323
2.529  0.4108903
2.530  0.4080619
2.531  0.4052471
2.532  0.4024460
2.533  0.3996585
2.534  0.3968845
2.535  0.3941242
2.536  0.3913775
2.537  0.3886445
2.538  0.3859250
2.539  0.3832191
2.540  0.3805268
2.541  0.3778481
2.542  0.3751830
2.543  0.3725315
2.544  0.3698935
2.545  0.3672691
2.546  0.3646582
2.547  0.3620608
2.548  0.3594770
2.549  0.3569067
2.550  0.3543499
2.551  0.3518065
2.552  0.3492766
2.553  0.3467602
2.554  0.3442572
2.555  0.3417676
2.556  0.3392914
2.557  0.3368286
2.558  0.3343791
2.559  0.3319430
2.560  0.3295202
2.561  0.3271107
2.562  0.3247144
2.563  0.3223314
2.564  0.3199617
2.565  0.3176051
2.566  0.3152617
2.567  0.3129314
2.568  0.3106143
2.569  0.3083103
2.570  0.3060193
2.571  0.3037414
2.572  0.3014765
2.573  0.2992246
2.574  0.2969857
2.575  0.2947597
2.576  0.2925465
2.577  0.2903463
2.578  0.2881588
2.579  0.2859842
2.580  0.2838224
2.581  0.2816732
2.582  0.2795368
2.583  0.2774131
2.584  0.2753020
2.585  0.2732035
2.586  0.2711175
2.587  0.2690441
2.588  0.2669832
2.589  0.2649348
2.590  0.2628987
2.591  0.2608751
2.592  0.2588638
2.593  0.2568648
2.594  0.2548781
2.595  0.2529036
2.596  0.2509413
2.597  0.2489912
2.598  0.2470531
2.599  0.2451272
2.600  0.2432133
2.601  0.2413114
2.602  0.2394214
2.603  0.2375433
2.604  0.2356772
2.605  0.2338228
2.606  0.2319803
2.607  0.2301494
2.608  0.2283303
2.609  0.2265229
2.610  0.2247270
2.611  0.2229428
2.612  0.2211700
2.613  0.2194088
2.614  0.2176590
2.615  0.2159206
2.616  0.2141935
2.617  0.2124778
2.618  0.2107733
2.619  0.2090800
2.620  0.2073979
2.621  0.2057270
2.622  0.2040671
2.623  0.2024183
2.624  0.2007804
2.625  0.1991535
2.626  0.1975375
2.627  0.1959324
2.628  0.1943381
2.629  0.1927545
2.630  0.1911816
2.631  0.1896194
2.632  0.1880679
2.633  0.1865269
2.634  0.1849964
2.635  0.1834764
2.636  0.1819668
2.637  0.1804677
2.638  0.1789788
2.639  0.1775003
2.640  0.1760320
2.641  0.1745738
2.642  0.1731259
2.643  0.1716880
2.644  0.1702602
2.645  0.1688424
2.646  0.1674345
2.647  0.1660366
2.648  0.1646485
2.649  0.1632702
2.650  0.1619016
2.651  0.1605428
2.652  0.1591937
2.653  0.1578542
2.654  0.1565242
2.655  0.1552038
2.656  0.1538928
2.657  0.1525913
2.658  0.1512991
2.659  0.1500163
2.660  0.1487427
2.661  0.1474784
2.662  0.1462233
2.663  0.1449773
2.664  0.1437403
2.665  0.1425125
2.666  0.1412936
2.667  0.1400837
2.668  0.1388826
2.669  0.1376904
2.670  0.1365070
2.671  0.1353324
2.672  0.1341664
2.673  0.1330091
2.674  0.1318605
2.675  0.1307203
2.676  0.1295887
2.677  0.1284656
2.678  0.1273509
2.679  0.1262445
2.680  0.1251465
2.681  0.1240567
2.682  0.1229752
2.683  0.1219019
2.684  0.1208367
2.685  0.1197795
2.686  0.1187305
2.687  0.1176894
2.688  0.1166563
2.689  0.1156310
2.690  0.1146136
2.691  0.1136041
2.692  0.1126023
2.693  0.1116082
2.694  0.1106217
2.695  0.1096429
2.696  0.1086717
2.697  0.1077080
2.698  0.1067518
2.699  0.1058031
2.700  0.1048617
2.701  0.1039277
2.702  0.1030010
2.703  0.1020816
2.704  0.1011693
2.705  0.1002643
2.706  0.0993664
2.707  0.0984755
2.708  0.0975917
2.709  0.0967149
2.710  0.0958450
2.711  0.0949821
2.712  0.0941260
2.713  0.0932767
2.714  0.0924342
2.715  0.0915984
2.716  0.0907694
2.717  0.0899469
2.718  0.0891311
2.719  0.0883218
2.720  0.0875191
2.721  0.0867228
2.722  0.0859330
2.723  0.0851495
2.724  0.0843724
2.725  0.0836016
2.726  0.0828371
2.727  0.0820788
2.728  0.0813267
2.729  0.0805807
2.730  0.0798408
2.731  0.0791070
2.732  0.0783792
2.733  0.0776573
2.734  0.0769414
2.735  0.0762315
2.736  0.0755273
2.737  0.0748290
2.738  0.0741365
2.739  0.0734497
2.740  0.0727686
2.741  0.0720931
2.742  0.0714233
2.743  0.0707591
2.744  0.0701004
2.745  0.0694472
2.746  0.0687995
2.747  0.0681572
2.748  0.0675203
2.749  0.0668888
2.750  0.0662625
2.751  0.0656416
2.752  0.0650259
2.753  0.0644153
2.754  0.0638100
2.755  0.0632098
2.756  0.0626147
2.757  0.0620246
2.758  0.0614395
2.759  0.0608595
2.760  0.0602844
2.761  0.0597142
2.762  0.0591488
2.763  0.0585884
2.764  0.0580327
2.765  0.0574818
2.766  0.0569356
2.767  0.0563941
2.768  0.0558573
2.769  0.0553252
2.770  0.0547976
2.771  0.0542746
2.772  0.0537561
2.773  0.0532422
2.774  0.0527327
2.775  0.0522276
2.776  0.0517269
2.777  0.0512306
2.778  0.0507386
2.779  0.0502509
2.780  0.0497675
2.781  0.0492883
2.782  0.0488134
2.783  0.0483426
2.784  0.0478759
2.785  0.0474133
2.786  0.0469549
2.787  0.0465004
2.788  0.0460500
2.789  0.0456036
2.790  0.0451611
2.791  0.0447226
2.792  0.0442879
2.793  0.0438571
2.794  0.0434302
2.795  0.0430070
2.796  0.0425876
2.797  0.0421720
2.798  0.0417601
2.799  0.0413519
2.800  0.0409473
2.801  0.0405463
2.802  0.0401490
2.803  0.0397552
2.804  0.0393650
2.805  0.0389783
2.806  0.0385951
2.807  0.0382153
2.808  0.0378390
2.809  0.0374661
2.810  0.0370966
2.811  0.0367304
2.812  0.0363675
2.813  0.0360080
2.814  0.0356517
2.815  0.0352987
2.816  0.0349488
2.817  0.0346022
2.818  0.0342588
2.819  0.0339185
2.820  0.0335813
2.821  0.0332472
2.822  0.0329161
2.823  0.0325882
2.824  0.0322632
2.825  0.0319412
2.826  0.0316222
2.827  0.0313061
2.828  0.0309930
2.829  0.0306828
2.830  0.0303754
2.831  0.0300709
2.832  0.0297692
2.833  0.0294703
2.834  0.0291742
2.835  0.0288808
2.836  0.0285902
2.837  0.0283022
2.838  0.0280170
2.839  0.0277345
2.840  0.0274545
2.841  0.0271772
2.842  0.0269025
2.843  0.0266304
2.844  0.0263608
2.845  0.0260938
2.846  0.0258293
2.847  0.0255672
2.848  0.0253077
2.849  0.0250506
2.850  0.0247959
2.851  0.0245436
2.852  0.0242937
2.853  0.0240462
2.854  0.0238010
2.855  0.0235582
2.856  0.0233177
2.857  0.0230794
2.858  0.0228434
2.859  0.0226097
2.860  0.0223782
2.861  0.0221489
2.862  0.0219218
2.863  0.0216969
2.864  0.0214741
2.865  0.0212535
2.866  0.0210349
2.867  0.0208185
2.868  0.0206042
2.869  0.0203919
2.870  0.0201816
2.871  0.0199734
2.872  0.0197672
2.873  0.0195630
2.874  0.0193607
2.875  0.0191604
2.876  0.0189621
2.877  0.0187657
2.878  0.0185711
2.879  0.0183785
2.880  0.0181877
2.881  0.0179988
2.882  0.0178117
2.883  0.0176265
2.884  0.0174430
2.885  0.0172614
2.886  0.0170815
2.887  0.0169033
2.888  0.0167270
2.889  0.0165523
2.890  0.0163794
2.891  0.0162081
2.892  0.0160385
2.893  0.0158706
2.894  0.0157044
2.895  0.0155398
2.896  0.0153768
2.897  0.0152154
2.898  0.0150556
2.899  0.0148973
2.900  0.0147407
2.901  0.0145856
2.902  0.0144320
2.903  0.0142800
2.904  0.0141294
2.905  0.0139804
2.906  0.0138328
2.907  0.0136867
2.908  0.0135420
2.909  0.0133988
2.910  0.0132570
2.911  0.0131167
2.912  0.0129777
2.913  0.0128401
2.914  0.0127039
2.915  0.0125690
2.916  0.0124355
2.917  0.0123034
2.918  0.0121726
2.919  0.0120430
2.920  0.0119148
2.921  0.0117879
2.922  0.0116622
2.923  0.0115378
2.924  0.0114147
2.925  0.0112928
2.926  0.0111721
2.927  0.0110527
2.928  0.0109344
2.929  0.0108174
2.930  0.0107015
2.931  0.0105868
2.932  0.0104733
2.933  0.0103609
2.934  0.0102497
2.935  0.0101396
2.936  0.0100306
2.937  0.0099228
2.938  0.0098160
2.939  0.0097103
2.940  0.0096057
2.941  0.0095021
2.942  0.0093996
2.943  0.0092982
2.944  0.0091978
2.945  0.0090984
2.946  0.0090001
2.947  0.0089027
2.948  0.0088064
2.949  0.0087110
2.950  0.0086166
2.951  0.0085232
2.952  0.0084308
2.953  0.0083393
2.954  0.0082487
2.955  0.0081591
2.956  0.0080704
2.957  0.0079826
2.958  0.0078957
2.959  0.0078097
2.960  0.0077247
2.961  0.0076404
2.962  0.0075571
2.963  0.0074746
2.964  0.0073930
2.965  0.0073122
2.966  0.0072323
2.967  0.0071532
2.968  0.0070749
2.969  0.0069975
2.970  0.0069208
2.971  0.0068450
2.972  0.0067699
2.973  0.0066956
2.974  0.0066221
2.975  0.0065494
2.976  0.0064774
2.977  0.0064062
2.978  0.0063357
2.979  0.0062660
2.980  0.0061970
2.981  0.0061287
2.982  0.0060611
2.983  0.0059943
2.984  0.0059281
2.985  0.0058626
2.986  0.0057979
2.987  0.0057338
2.988  0.0056704
2.989  0.0056076
2.990  0.0055456
2.991  0.0054841
2.992  0.0054234
2.993  0.0053632
2.994  0.0053037
2.995  0.0052449
2.996  0.0051866
2.997  0.0051290
2.998  0.0050720
2.999  0.0050156
3.000  0.0049598
3.001  0.0049046
3.002  0.0048499
3.003  0.0047959
3.004  0.0047424
3.005  0.0046895
3.006  0.0046372
3.007  0.0045854
3.008  0.0045342
3.009  0.0044835
3.010  0.0044334
3.011  0.0043838
3.012  0.0043347
3.013  0.0042862
3.014  0.0042381
3.015  0.0041906
3.016  0.0041436
3.017  0.0040971
3.018  0.0040512
3.019  0.0040057
3.020  0.0039606
3.021  0.0039161
3.022  0.0038721
3.023  0.0038285
3.024  0.0037854
3.025  0.0037428
3.026  0.0037006
3.027  0.0036589
3.028  0.0036176
3.029  0.0035768
3.030  0.0035364
3.031  0.0034964
3.032  0.0034569
3.033  0.0034179
3.034  0.0033792
3.035  0.0033410
3.036  0.0033031
3.037  0.0032657
3.038  0.0032287
3.039  0.0031921
3.040  0.0031559
3.041  0.0031201
3.042  0.0030847
3.043  0.0030496
3.044  0.0030150
3.045  0.0029807
3.046  0.0029468
3.047  0.0029133
3.048  0.0028801
3.049  0.0028473
3.050  0.0028149
3.051  0.0027828
3.052  0.0027510
3.053  0.0027196
3.054  0.0026886
3.055  0.0026579
3.056  0.0026275
3.057  0.0025975
3.058  0.0025678
3.059  0.0025384
3.060  0.0025094
3.061  0.0024806
3.062  0.0024522
3.063  0.0024241
3.064  0.0023963
3.065  0.0023688
3.066  0.0023417
3.067  0.0023148
3.068  0.0022882
3.069  0.0022619
3.070  0.0022359
3.071  0.0022102
3.072  0.0021848
3.073  0.0021596
3.074  0.0021347
3.075  0.0021101
3.076  0.0020858
3.077  0.0020618
3.078  0.0020380
3.079  0.0020145
3.080  0.0019912
3.081  0.0019682
3.082  0.0019455
3.083  0.0019230
3.084  0.0019008
3.085  0.0018788
3.086  0.0018570
3.087  0.0018355
3.088  0.0018143
3.089  0.0017932
3.090  0.0017725
3.091  0.0017519
3.092  0.0017316
3.093  0.0017115
3.094  0.0016916
3.095  0.0016720
3.096  0.0016525
3.097  0.0016333
3.098  0.0016143
3.099  0.0015955
3.100  0.0015770
3.101  0.0015586
3.102  0.0015404
3.103  0.0015225
3.104  0.0015047
3.105  0.0014872
3.106  0.0014698
3.107  0.0014527
3.108  0.0014357
3.109  0.0014190
3.110  0.0014024
3.111  0.0013860
3.112  0.0013698
3.113  0.0013537
3.114  0.0013379
3.115  0.0013222
3.116  0.0013067
3.117  0.0012914
3.118  0.0012763
3.119  0.0012613
3.120  0.0012465
3.121  0.0012319
3.122  0.0012174
3.123  0.0012031
3.124  0.0011890
3.125  0.0011750
3.126  0.0011612
3.127  0.0011475
3.128  0.0011340
3.129  0.0011207
3.130  0.0011075
3.131  0.0010944
3.132  0.0010815
3.133  0.0010688
3.134  0.0010562
3.135  0.0010437
3.136  0.0010314
3.137  0.0010192
3.138  0.0010072
3.139  0.0009953
3.140  0.0009835
3.141  0.0009719
3.142  0.0009604
3.143  0.0009490
3.144  0.0009378
3.145  0.0009267
3.146  0.0009157
3.147  0.0009048
3.148  0.0008941
3.149  0.0008835
3.150  0.0008730
3.151  0.0008627
3.152  0.0008524
3.153  0.0008423
3.154  0.0008323
3.155  0.0008224
3.156  0.0008126
3.157  0.0008029
3.158  0.0007934
3.159  0.0007839
3.160  0.0007746
3.161  0.0007654
3.162  0.0007563
3.163  0.0007472
3.164  0.0007383
3.165  0.0007295
3.166  0.0007208
3.167  0.0007122
3.168  0.0007037
3.169  0.0006953
3.170  0.0006870
3.171  0.0006788
3.172  0.0006707
3.173  0.0006626
3.174  0.0006547
3.175  0.0006469
3.176  0.0006391
3.177  0.0006315
3.178  0.0006239
3.179  0.0006164
3.180  0.0006090
3.181  0.0006017
3.182  0.0005945
3.183  0.0005874
3.184  0.0005803
3.185  0.0005733
3.186  0.0005665
3.187  0.0005596
3.188  0.0005529
3.189  0.0005463
3.190  0.0005397
3.191  0.0005332
3.192  0.0005268
3.193  0.0005204
3.194  0.0005142
3.195  0.0005080
3.196  0.0005018
3.197  0.0004958
3.198  0.0004898
3.199  0.0004839
3.200  0.0004781
3.201  0.0004723
3.202  0.0004666
3.203  0.0004609
3.204  0.0004554
3.205  0.0004499
3.206  0.0004444
3.207  0.0004390
3.208  0.0004337
3.209  0.0004285
3.210  0.0004233
3.211  0.0004182
3.212  0.0004131
3.213  0.0004081
3.214  0.0004031
3.215  0.0003982
3.216  0.0003934
3.217  0.0003886
3.218  0.0003839
3.219  0.0003792
3.220  0.0003746
3.221  0.0003701
3.222  0.0003656
3.223  0.0003611
3.224  0.0003567
3.225  0.0003524
3.226  0.0003481
3.227  0.0003439
3.228  0.0003397
3.229  0.0003355
3.230  0.0003315
3.231  0.0003274
3.232  0.0003234
3.233  0.0003195
3.234  0.0003156
3.235  0.0003117
3.236  0.0003079
3.237  0.0003042
3.238  0.0003004
3.239  0.0002968
3.240  0.0002931
3.241  0.0002896
3.242  0.0002860
3.243  0.0002825
3.244  0.0002791
3.245  0.0002756
3.246  0.0002723
3.247  0.0002689
3.248  0.0002656
3.249  0.0002624
3.250  0.0002592
3.251  0.0002560
3.252  0.0002528
3.253  0.0002497
3.254  0.0002467
3.255  0.0002436
3.256  0.0002406
3.257  0.0002377
3.258  0.0002348
3.259  0.0002319
3.260  0.0002290
3.261  0.0002262
3.262  0.0002234
3.263  0.0002207
3.264  0.0002180
3.265  0.0002153
3.266  0.0002126
3.267  0.0002100
3.268  0.0002074
3.269  0.0002049
3.270  0.0002023
3.271  0.0001998
3.272  0.0001974
3.273  0.0001949
3.274  0.0001925
3.275  0.0001901
3.276  0.0001878
3.277  0.0001855
3.278  0.0001832
3.279  0.0001809
3.280  0.0001787
3.281  0.0001765
3.282  0.0001743
3.283  0.0001721
3.284  0.0001700
3.285  0.0001679
3.286  0.0001658
3.287  0.0001637
3.288  0.0001617
3.289  0.0001597
3.290  0.0001577
3.291  0.0001558
3.292  0.0001538
3.293  0.0001519
3.294  0.0001500
3.295  0.0001482
3.296  0.0001463
3.297  0.0001445
3.298  0.0001427
3.299  0.0001410
3.300  0.0001392
3.301  0.0001375
3.302  0.0001358
3.303  0.0001341
3.304  0.0001324
3.305  0.0001307
3.306  0.0001291
3.307  0.0001275
3.308  0.0001259
3.309  0.0001243
3.310  0.0001228
3.311  0.0001213
3.312  0.0001198
3.313  0.0001183
3.314  0.0001168
3.315  0.0001153
3.316  0.0001139
3.317  0.0001125
3.318  0.0001111
3.319  0.0001097
3.320  0.0001083
3.321  0.0001069
3.322  0.0001056
3.323  0.0001043
3.324  0.0001030
3.325  0.0001017
3.326  0.0001004
3.327  0.0000992
3.328  0.0000979
3.329  0.0000967
3.330  0.0000955
3.331  0.0000943
3.332  0.0000931
3.333  0.0000919
3.334  0.0000908
3.335  0.0000896
3.336  0.0000885
3.337  0.0000874
3.338  0.0000863
3.339  0.0000852
3.340  0.0000841
3.341  0.0000831
3.342  0.0000820
3.343  0.0000810
3.344  0.0000800
3.345  0.0000790
3.346  0.0000780
3.347  0.0000770
3.348  0.0000760
3.349  0.0000751
3.350  0.0000741
3.351  0.0000732
3.352  0.0000723
3.353  0.0000714
3.354  0.0000705
3.355  0.0000696
3.356  0.0000687
3.357  0.0000678
3.358  0.0000670
3.359  0.0000661
3.360  0.0000653
3.361  0.0000645
3.362  0.0000637
3.363  0.0000628
3.364  0.0000621
3.365  0.0000613
3.366  0.0000605
3.367  0.0000597
3.368  0.0000590
3.369  0.0000582
3.370  0.0000575
3.371  0.0000568
3.372  0.0000560
3.373  0.0000553
3.374  0.0000546
3.375  0.0000539
3.376  0.0000533
3.377  0.0000526
3.378  0.0000519
3.379  0.0000513
3.380  0.0000506
3.381  0.0000500
3.382  0.0000493
3.383  0.0000487
3.384  0.0000481
3.385  0.0000475
3.386  0.0000469
3.387  0.0000463
3.388  0.0000457
3.389  0.0000451
3.390  0.0000445
3.391  0.0000440
3.392  0.0000434
3.393  0.0000428
3.394  0.0000423
3.395  0.0000418
3.396  0.0000412
3.397  0.0000407
3.398  0.0000402
3.399  0.0000397
3.400  0.0000392
3.401  0.0000387
3.402  0.0000382
3.403  0.0000377
3.404  0.0000372
3.405  0.0000367
3.406  0.0000363
3.407  0.0000358
3.408  0.0000353
3.409  0.0000349
3.410  0.0000344
3.411  0.0000340
3.412  0.0000336
3.413  0.0000331
3.414  0.0000327
3.415  0.0000323
3.416  0.0000319
3.417  0.0000315
3.418  0.0000311
3.419  0.0000307
3.420  0.0000303
3.421  0.0000299
3.422  0.0000295
3.423  0.0000291
3.424  0.0000288
3.425  0.0000284
3.426  0.0000280
3.427  0.0000277
3.428  0.0000273
3.429  0.0000270
3.430  0.0000266
3.431  0.0000263
3.432  0.0000259
3.433  0.0000256
3.434  0.0000253
3.435  0.0000250
3.436  0.0000246
3.437  0.0000243
3.438  0.0000240
3.439  0.0000237
3.440  0.0000234
3.441  0.0000231
3.442  0.0000228
3.443  0.0000225
3.444  0.0000222
3.445  0.0000219
3.446  0.0000216
3.447  0.0000214
3.448  0.0000211
3.449  0.0000208
3.450  0.0000205
3.451  0.0000203
3.452  0.0000200
3.453  0.0000198
3.454  0.0000195
3.455  0.0000193
3.456  0.0000190
3.457  0.0000188
3.458  0.0000185
3.459  0.0000183
3.460  0.0000180
3.461  0.0000178
3.462  0.0000176
3.463  0.0000174
3.464  0.0000171
3.465  0.0000169
3.466  0.0000167
3.467  0.0000165
3.468  0.0000163
3.469  0.0000161
3.470  0.0000158
3.471  0.0000156
3.472  0.0000154
3.473  0.0000152
3.474  0.0000150
3.475  0.0000148
3.476  0.0000147
3.477  0.0000145
3.478  0.0000143
3.479  0.0000141
3.480  0.0000139
3.481  0.0000137
3.482  0.0000135
3.483  0.0000134
3.484  0.0000132
3.485  0.0000130
3.486  0.0000129
3.487  0.0000127
3.488  0.0000125
3.489  0.0000124
3.490  0.0000122
3.491  0.0000120
3.492  0.0000119
3.493  0.0000117
3.494  0.0000116
3.495  0.0000114
3.496  0.0000113
3.497  0.0000111
3.498  0.0000110
3.499  0.0000108
3.500  0.0000107
3.501  0.0000106
3.502  0.0000104
3.503  0.0000103
3.504  0.0000102
3.505  0.0000100
3.506  0.0000099
3.507  0.0000098
3.508  0.0000096
3.509  0.0000095
3.510  0.0000094
3.511  0.0000093
3.512  0.0000091
3.513  0.0000090
3.514  0.0000089
3.515  0.0000088
3.516  0.0000087
3.517  0.0000086
3.518  0.0000085
3.519  0.0000083
3.520  0.0000082
3.521  0.0000081
3.522  0.0000080
3.523  0.0000079
3.524  0.0000078
3.525  0.0000077
3.526  0.0000076
3.527  0.0000075
3.528  0.0000074
3.529  0.0000073
3.530  0.0000072
3.531  0.0000071
3.532  0.0000070
3.533  0.0000069
3.534  0.0000068
3.535  0.0000068
3.536  0.0000067
3.537  0.0000066
3.538  0.0000065
3.539  0.0000064
3.540  0.0000063
3.541  0.0000062
3.542  0.0000062
3.543  0.0000061
3.544  0.0000060
3.545  0.0000059
3.546  0.0000058
3.547  0.0000058
3.548  0.0000057
3.549  0.0000056
3.550  0.0000055
3.551  0.0000055
3.552  0.0000054
3.553  0.0000053
3.554  0.0000053
3.555  0.0000052
3.556  0.0000051
3.557  0.0000051
3.558  0.0000050
3.559  0.0000049
3.560  0.0000049
3.561  0.0000048
3.562  0.0000047
3.563  0.0000047
3.564  0.0000046
3.565  0.0000045
3.566  0.0000045
3.567  0.0000044
3.568  0.0000044
3.569  0.0000043
3.570  0.0000043
3.571  0.0000042
3.572  0.0000041
3.573  0.0000041
3.574  0.0000040
3.575  0.0000040
3.576  0.0000039
3.577  0.0000039
3.578  0.0000038
3.579  0.0000038
3.580  0.0000037
3.581  0.0000037
3.582  0.0000036
3.583  0.0000036
3.584  0.0000035
3.585  0.0000035
3.586  0.0000034
3.587  0.0000034
3.588  0.0000034
3.589  0.0000033
3.590  0.0000033
3.591  0.0000032
3.592  0.0000032
3.593  0.0000031
3.594  0.0000031
3.595  0.0000031
3.596  0.0000030
3.597  0.0000030
3.598  0.0000029
3.599  0.0000029
3.600  0.0000029
3.601  0.0000028
3.602  0.0000028
3.603  0.0000027
3.604  0.0000027
3.605  0.0000027
3.606  0.0000026
3.607  0.0000026
3.608  0.0000026
3.609  0.0000025
3.610  0.0000025
3.611  0.0000025
3.612  0.0000024
3.613  0.0000024
3.614  0.0000024
3.615  0.0000023
3.616  0.0000023
3.617  0.0000023
3.618  0.0000022
3.619  0.0000022
3.620  0.0000022
3.621  0.0000022
3.622  0.0000021
3.623  0.0000021
3.624  0.0000021
3.625  0.0000020
3.626  0.0000020
3.627  0.0000020
3.628  0.0000020
3.629  0.0000019
3.630  0.0000019
3.631  0.0000019
3.632  0.0000019
3.633  0.0000018
3.634  0.0000018
3.635  0.0000018
3.636  0.0000018
3.637  0.0000017
3.638  0.0000017
3.639  0.0000017
3.640  0.0000017
3.641  0.0000017
3.642  0.0000016
3.643  0.0000016
3.644  0.0000016
3.645  0.0000016
3.646  0.0000015
3.647  0.0000015
3.648  0.0000015
3.649  0.0000015
3.650  0.0000015
3.651  0.0000014
3.652  0.0000014
3.653  0.0000014
3.654  0.0000014
3.655  0.0000014
3.656  0.0000013
3.657  0.0000013
3.658  0.0000013
3.659  0.0000013
3.660  0.0000013
3.661  0.0000013
3.662  0.0000012
3.663  0.0000012
3.664  0.0000012
3.665  0.0000012
3.666  0.0000012
3.667  0.0000012
3.668  0.0000011
3.669  0.0000011
3.670  0.0000011
3.671  0.0000011
3.672  0.0000011
3.673  0.0000011
3.674  0.0000011
3.675  0.0000010
3.676  0.0000010
3.677  0.0000010
3.678  0.0000010
3.679  0.0000010
3.680  0.0000010
3.681  0.0000010
3.682  0.0000010
3.683  0.0000009
3.684  0.0000009
3.685  0.0000009
3.686  0.0000009
3.687  0.0000009
3.688  0.0000009
3.689  0.0000009
3.690  0.0000009
3.691  0.0000008
3.692  0.0000008
3.693  0.0000008
3.694  0.0000008
3.695  0.0000008
3.696  0.0000008
3.697  0.0000008
3.698  0.0000008
3.699  0.0000008
3.700  0.0000007
3.701  0.0000007
3.702  0.0000007
3.703  0.0000007
3.704  0.0000007
3.705  0.0000007
3.706  0.0000007
3.707  0.0000007
3.708  0.0000007
3.709  0.0000007
3.710  0.0000007
3.711  0.0000006
3.712  0.0000006
3.713  0.0000006
3.714  0.0000006
3.715  0.0000006
3.716  0.0000006
3.717  0.0000006
3.718  0.0000006
3.719  0.0000006
3.720  0.0000006
3.721  0.0000006
3.722  0.0000006
3.723  0.0000005
3.724  0.0000005
3.725  0.0000005
3.726  0.0000005
3.727  0.0000005
3.728  0.0000005
3.729  0.0000005
3.730  0.0000005
3.731  0.0000005
3.732  0.0000005
3.733  0.0000005
3.734  0.0000005
3.735  0.0000005
3.736  0.0000005
3.737  0.0000005
3.738  0.0000004
3.739  0.0000004
3.740  0.0000004
3.741  0.0000004
3.742  0.0000004
3.743  0.0000004
3.744  0.0000004
3.745  0.0000004
3.746  0.0000004
3.747  0.0000004
3.748  0.0000004
3.749  0.0000004
3.750  0.0000004
3.751  0.0000004
3.752  0.0000004
3.753  0.0000004
3.754  0.0000004
3.755  0.0000004
3.756  0.0000003
3.757  0.0000003
3.758  0.0000003
3.759  0.0000003
3.760  0.0000003
3.761  0.0000003
3.762  0.0000003
3.763  0.0000003
3.764  0.0000003
3.765  0.0000003
3.766  0.0000003
3.767  0.0000003
3.768  0.0000003
3.769  0.0000003
3.770  0.0000003
3.771  0.0000003
3.772  0.0000003
3.773  0.0000003
3.774  0.0000003
3.775  0.0000003
3.776  0.0000003
3.777  0.0000003
3.778  0.0000003
3.779  0.0000003
3.780  0.0000003
3.781  0.0000002
3.782  0.0000002
3.783  0.0000002
3.784  0.0000002
3.785  0.0000002
3.786  0.0000002
3.787  0.0000002
3.788  0.0000002
3.789  0.0000002
3.790  0.0000002
3.791  0.0000002
3.792  0.0000002
3.793  0.0000002
3.794  0.0000002
3.795  0.0000002
3.796  0.0000002
3.797  0.0000002
3.798  0.0000002
3.799  0.0000002
3.800  0.0000002
3.801  0.0000002
3.802  0.0000002
3.803  0.0000002
3.804  0.0000002
3.805  0.0000002
3.806  0.0000002
3.807  0.0000002
3.808  0.0000002
3.809  0.0000002
3.810  0.0000002
3.811  0.0000002
3.812  0.0000002
3.813  0.0000002
3.814  0.0000002
3.815  0.0000002
3.816  0.0000002
3.817  0.0000002
3.818  0.0000001
3.819  0.0000001
3.820  0.0000001
3.821  0.0000001
3.822  0.0000001
3.823  0.0000001
3.824  0.0000001
3.825  0.0000001
3.826  0.0000001
3.827  0.0000001
3.828  0.0000001
3.829  0.0000001
3.830  0.0000001
3.831  0.0000001
3.832  0.0000001
3.833  0.0000001
3.834  0.0000001
3.835  0.0000001
3.836  0.0000001
3.837  0.0000001
3.838  0.0000001
3.839  0.0000001
3.840  0.0000001
3.841  0.0000001
3.842  0.0000001
3.843  0.0000001
3.844  0.0000001
3.845  0.0000001
3.846  0.0000001
3.847  0.0000001
3.848  0.0000001
3.849  0.0000001
3.850  0.0000001
3.851  0.0000001
3.852  0.0000001
3.853  0.0000001
3.854  0.0000001
3.855  0.0000001
3.856  0.0000001
3.857  0.0000001
3.858  0.0000001
3.859  0.0000001
3.860  0.0000001
3.861  0.0000001
3.862  0.0000001
3.863  0.0000001
3.864  0.0000001
3.865  0.0000001
3.866  0.0000001
3.867  0.0000001
3.868  0.0000001
3.869  0.0000001
3.870  0.0000001
3.871  0.0000001
3.872  0.0000001
3.873  0.0000001
3.874  0.0000001
3.875  0.0000001
3.876  0.0000001
3.877  0.0000001
3.878  0.0000001
3.879  0.0000001
3.880  0.0000001
3.881  0.0000001
3.882  0.0000001
3.883  0.0000001
3.884  0.0000001
3.885  0.0000001
3.886  0.0000001
3.887  0.0000001
3.888  0.0000001
3.889  0.0000001
3.890  0.0000001
3.891  0.0000001
3.892  0.0000001
3.893  0.0000001
3.894  0.0000001
3.895  0.0000001
3.896  0.0000001
3.897  0.0000001
3.898  0.0000000
3.899  0.0000000
3.900  0.0000000
3.901  0.0000000
3.902  0.0000000
3.903  0.0000000
3.904  0.0000000
3.905  0.0000000
3.906  0.0000000
3.907  0.0000000
3.908  0.0000000
3.909  0.0000000
3.910  0.0000000
3.911  0.0000000
3.912  0.0000000
3.913  0.0000000
3.914  0.0000000
3.915  0.0000000
3.916  0.0000000
3.917  0.0000000
3.918  0.0000000
3.919  0.0000000
3.920  0.0000000
3.921  0.0000000
3.922  0.0000000
3.923  0.0000000
3.924  0.0000000
3.925  0.0000000
3.926  0.0000000
3.927  0.0000000
3.928  0.0000000
3.929  0.0000000
3.930  0.0000000
3.931  0.0000000
3.932  0.0000000
3.933  0.0000000
3.934  0.0000000
3.935  0.0000000
3.936  0.0000000
3.937  0.0000000
3.938  0.0000000
3.939  0.0000000
3.940  0.0000000
3.941  0.0000000
3.942  0.0000000
3.943  0.0000000
3.944  0.0000000
3.945  0.0000000
3.946  0.0000000
3.947  0.0000000
3.948  0.0000000
3.949  0.0000000
3.950  0.0000000
3.951  0.0000000
3.952  0.0000000
3.953  0.0000000
3.954  0.0000000
3.955  0.0000000
3.956  0.0000000
3.957  0.0000000
3.958  0.0000000
3.959  0.0000000
3.960  0.0000000
3.961  0.0000000
3.962  0.0000000
3.963  0.0000000
3.964  0.0000000
3.965  0.0000000
3.966  0.0000000
3.967  0.0000000
3.968  0.0000000
3.969  0.0000000
3.970  0.0000000
3.971  0.0000000
3.972  0.0000000
3.973  0.0000000
3.974  0.0000000
3.975  0.0000000
3.976  0.0000000
3.977  0.0000000
3.978  0.0000000
3.979  0.0000000
3.980  0.0000000
3.981  0.0000000
3.982  0.0000000
3.983  0.0000000
3.984  0.0000000
3.985  0.0000000
3.986  0.0000000
3.987  0.0000000
3.988  0.0000000
3.989  0.0000000
3.990  0.0000000
3.991  0.0000000
3.992  0.0000000
3.993  0.0000000
3.994  0.0000000
3.995  0.0000000
3.996  0.0000000
3.997  0.0000000
3.998  0.0000000
3.999  0.0000000
4.000  0.0000000
4.001  0.0000000
4.002  0.0000000
4.003  0.0000000
4.004  0.0000000
4.005  0.0000000
4.006  0.0000000
4.007  0.0000000
4.008  0.0000000
4.009  0.0000000
4.010  0.0000000
4.011  0.0000000
4.012  0.0000000
4.013  0.0000000
4.014  0.0000000
4.015  0.0000000
4.016  0.0000000
4.017  0.0000000
4.018  0.0000000
4.019  0.0000000
4.020  0.0000000
4.021  0.0000000
4.022  0.0000000
4.023  0.0000000
4.024  0.0000000
4.025  0.0000000
4.026  0.0000000
4.027  0.0000000
4.028  0.0000000
4.029  0.0000000
4.030  0.0000000
4.031  0.0000000
4.032  0.0000000
4.033  0.0000000
4.034  0.0000000
4.035  0.0000000
4.036  0.0000000
4.037  0.0000000
4.038  0.0000000
4.039  0.0000000
4.040  0.0000000
4.041  0.0000000
4.042  0.0000000
4.043  0.0000000
4.044  0.0000000
4.045  0.0000000
4.046  0.0000000
4.047  0.0000000
4.048  0.0000000
4.049  0.0000000
4.050  0.0000000
4.051  0.0000000
4.052  0.0000000
4.053  0.0000000
4.054  0.0000000
4.055  0.0000000
4.056  0.0000000
4.057  0.0000000
4.058  0.0000000
4.059  0.0000000
4.060  0.0000000
4.061  0.0000000
4.062  0.0000000
4.063  0.0000000
4.064  0.0000000
4.065  0.0000000
4.066  0.0000000
4.067  0.0000000
4.068  0.0000000
4.069  0.0000000
4.070  0.0000000
4.071  0.0000000
4.072  0.0000000
4.073  0.0000000
4.074  0.0000000
4.075  0.0000000
4.076  0.0000000
4.077  0.0000000
4.078  0.0000000
4.079  0.0000000
4.080  0.0000000
4.081  0.0000000
4.082  0.0000000
4.083  0.0000000
4.084  0.0000000
4.085  0.0000000
4.086  0.0000000
4.087  0.0000000
4.088  0.0000000
4.089  0.0000000
4.090  0.0000000
4.091  0.0000000
4.092  0.0000000
4.093  0.0000000
4.094  0.0000000
4.095  0.0000000
4.096  0.0000000
4.097  0.0000000
4.098  0.0000000
4.099  0.0000000
4.100  0.0000000
4.101  0.0000000
4.102  0.0000000
4.103  0.0000000
4.104  0.0000000
4.105  0.0000000
4.106  0.0000000
4.107  0.0000000
4.108  0.0000000
4.109  0.0000000
4.110  0.0000000
4.111  0.0000000
4.112  0.0000000
4.113  0.0000000
4.114  0.0000000
4.115  0.0000000
4.116  0.0000000
4.117  0.0000000
4.118  0.0000000
4.119  0.0000000
4.120  0.0000000
4.121  0.0000000
4.122  0.0000000
4.123  0.0000000
4.124  0.0000000
4.125  0.0000000
4.126  0.0000000
4.127  0.0000000
4.128  0.0000000
4.129  0.0000000
4.130  0.0000000
4.131  0.0000000
4.132  0.0000000
4.133  0.0000000
4.134  0.0000000
4.135  0.0000000
4.136  0.0000000
4.137  0.0000000
4.138  0.0000000
4.139  0.0000000
4.140  0.0000000
4.141  0.0000000
4.142  0.0000000
4.143  0.0000000
4.144  0.0000000
4.145  0.0000000
4.146  0.0000000
4.147  0.0000000
4.148  0.0000000
4.149  0.0000000
4.150  0.0000000
4.151  0.0000000
4.152  0.0000000
4.153  0.0000000
4.154  0.0000000
4.155  0.0000000
4.156  0.0000000
4.157  0.0000000
4.158  0.0000000
4.159  0.0000000
4.160  0.0000000
4.161  0.0000000
4.162  0.0000000
4.163  0.0000000
4.164  0.0000000
4.165  0.0000000
4.166  0.0000000
4.167  0.0000000
4.168  0.0000000
4.169  0.0000000
4.170  0.0000000
4.171  0.0000000
4.172  0.0000000
4.173  0.0000000
4.174  0.0000000
4.175  0.0000000
4.176  0.0000000
4.177  0.0000000
4.178  0.0000000


