# Solution of radial Schr. equation for   E(v=  9,J=  0) =  -5866.4540859
# ----------------------------------------------------------------------------
0.202 -0.0000000
0.203 -0.0000000
0.204 -0.0000000
0.205 -0.0000000
0.206 -0.0000000
0.207 -0.0000000
0.208 -0.0000000
0.209 -0.0000000
0.210 -0.0000000
0.211 -0.0000000
0.212 -0.0000000
0.213 -0.0000000
0.214 -0.0000000
0.215 -0.0000000
0.216 -0.0000000
0.217 -0.0000000
0.218 -0.0000000
0.219 -0.0000000
0.220 -0.0000000
0.221 -0.0000000
0.222 -0.0000000
0.223 -0.0000000
0.224 -0.0000000
0.225 -0.0000000
0.226 -0.0000000
0.227 -0.0000000
0.228 -0.0000000
0.229 -0.0000000
0.230 -0.0000000
0.231 -0.0000000
0.232 -0.0000000
0.233 -0.0000000
0.234 -0.0000000
0.235 -0.0000000
0.236 -0.0000000
0.237 -0.0000000
0.238 -0.0000001
0.239 -0.0000001
0.240 -0.0000001
0.241 -0.0000001
0.242 -0.0000001
0.243 -0.0000001
0.244 -0.0000001
0.245 -0.0000001
0.246 -0.0000001
0.247 -0.0000001
0.248 -0.0000001
0.249 -0.0000001
0.250 -0.0000001
0.251 -0.0000001
0.252 -0.0000002
0.253 -0.0000002
0.254 -0.0000002
0.255 -0.0000002
0.256 -0.0000002
0.257 -0.0000002
0.258 -0.0000002
0.259 -0.0000003
0.260 -0.0000003
0.261 -0.0000003
0.262 -0.0000003
0.263 -0.0000004
0.264 -0.0000004
0.265 -0.0000004
0.266 -0.0000005
0.267 -0.0000005
0.268 -0.0000005
0.269 -0.0000006
0.270 -0.0000006
0.271 -0.0000006
0.272 -0.0000007
0.273 -0.0000008
0.274 -0.0000008
0.275 -0.0000009
0.276 -0.0000009
0.277 -0.0000010
0.278 -0.0000011
0.279 -0.0000011
0.280 -0.0000012
0.281 -0.0000013
0.282 -0.0000014
0.283 -0.0000015
0.284 -0.0000016
0.285 -0.0000017
0.286 -0.0000019
0.287 -0.0000020
0.288 -0.0000021
0.289 -0.0000023
0.290 -0.0000024
0.291 -0.0000026
0.292 -0.0000028
0.293 -0.0000030
0.294 -0.0000032
0.295 -0.0000034
0.296 -0.0000036
0.297 -0.0000039
0.298 -0.0000041
0.299 -0.0000044
0.300 -0.0000047
0.301 -0.0000050
0.302 -0.0000054
0.303 -0.0000057
0.304 -0.0000061
0.305 -0.0000065
0.306 -0.0000069
0.307 -0.0000074
0.308 -0.0000079
0.309 -0.0000084
0.310 -0.0000089
0.311 -0.0000095
0.312 -0.0000101
0.313 -0.0000107
0.314 -0.0000114
0.315 -0.0000121
0.316 -0.0000129
0.317 -0.0000137
0.318 -0.0000146
0.319 -0.0000155
0.320 -0.0000164
0.321 -0.0000174
0.322 -0.0000185
0.323 -0.0000196
0.324 -0.0000208
0.325 -0.0000221
0.326 -0.0000234
0.327 -0.0000248
0.328 -0.0000263
0.329 -0.0000279
0.330 -0.0000296
0.331 -0.0000313
0.332 -0.0000332
0.333 -0.0000351
0.334 -0.0000372
0.335 -0.0000393
0.336 -0.0000416
0.337 -0.0000440
0.338 -0.0000466
0.339 -0.0000492
0.340 -0.0000521
0.341 -0.0000550
0.342 -0.0000581
0.343 -0.0000614
0.344 -0.0000649
0.345 -0.0000685
0.346 -0.0000724
0.347 -0.0000764
0.348 -0.0000806
0.349 -0.0000851
0.350 -0.0000898
0.351 -0.0000947
0.352 -0.0000999
0.353 -0.0001053
0.354 -0.0001110
0.355 -0.0001170
0.356 -0.0001233
0.357 -0.0001299
0.358 -0.0001368
0.359 -0.0001441
0.360 -0.0001517
0.361 -0.0001597
0.362 -0.0001681
0.363 -0.0001769
0.364 -0.0001862
0.365 -0.0001958
0.366 -0.0002060
0.367 -0.0002166
0.368 -0.0002277
0.369 -0.0002393
0.370 -0.0002515
0.371 -0.0002643
0.372 -0.0002776
0.373 -0.0002916
0.374 -0.0003062
0.375 -0.0003215
0.376 -0.0003375
0.377 -0.0003542
0.378 -0.0003717
0.379 -0.0003900
0.380 -0.0004091
0.381 -0.0004290
0.382 -0.0004498
0.383 -0.0004716
0.384 -0.0004943
0.385 -0.0005181
0.386 -0.0005429
0.387 -0.0005687
0.388 -0.0005957
0.389 -0.0006238
0.390 -0.0006532
0.391 -0.0006838
0.392 -0.0007158
0.393 -0.0007491
0.394 -0.0007838
0.395 -0.0008199
0.396 -0.0008576
0.397 -0.0008969
0.398 -0.0009378
0.399 -0.0009804
0.400 -0.0010247
0.401 -0.0010709
0.402 -0.0011190
0.403 -0.0011690
0.404 -0.0012210
0.405 -0.0012752
0.406 -0.0013315
0.407 -0.0013901
0.408 -0.0014510
0.409 -0.0015143
0.410 -0.0015801
0.411 -0.0016485
0.412 -0.0017196
0.413 -0.0017934
0.414 -0.0018701
0.415 -0.0019498
0.416 -0.0020325
0.417 -0.0021184
0.418 -0.0022075
0.419 -0.0023000
0.420 -0.0023961
0.421 -0.0024957
0.422 -0.0025990
0.423 -0.0027061
0.424 -0.0028173
0.425 -0.0029325
0.426 -0.0030519
0.427 -0.0031757
0.428 -0.0033040
0.429 -0.0034369
0.430 -0.0035746
0.431 -0.0037172
0.432 -0.0038649
0.433 -0.0040179
0.434 -0.0041762
0.435 -0.0043401
0.436 -0.0045097
0.437 -0.0046852
0.438 -0.0048668
0.439 -0.0050546
0.440 -0.0052489
0.441 -0.0054498
0.442 -0.0056575
0.443 -0.0058722
0.444 -0.0060941
0.445 -0.0063235
0.446 -0.0065605
0.447 -0.0068053
0.448 -0.0070582
0.449 -0.0073193
0.450 -0.0075890
0.451 -0.0078674
0.452 -0.0081548
0.453 -0.0084515
0.454 -0.0087576
0.455 -0.0090734
0.456 -0.0093992
0.457 -0.0097353
0.458 -0.0100819
0.459 -0.0104393
0.460 -0.0108077
0.461 -0.0111875
0.462 -0.0115789
0.463 -0.0119823
0.464 -0.0123979
0.465 -0.0128260
0.466 -0.0132670
0.467 -0.0137211
0.468 -0.0141887
0.469 -0.0146701
0.470 -0.0151656
0.471 -0.0156756
0.472 -0.0162004
0.473 -0.0167404
0.474 -0.0172959
0.475 -0.0178672
0.476 -0.0184548
0.477 -0.0190589
0.478 -0.0196801
0.479 -0.0203185
0.480 -0.0209747
0.481 -0.0216490
0.482 -0.0223419
0.483 -0.0230536
0.484 -0.0237847
0.485 -0.0245354
0.486 -0.0253064
0.487 -0.0260978
0.488 -0.0269103
0.489 -0.0277441
0.490 -0.0285998
0.491 -0.0294778
0.492 -0.0303785
0.493 -0.0313024
0.494 -0.0322499
0.495 -0.0332215
0.496 -0.0342176
0.497 -0.0352387
0.498 -0.0362852
0.499 -0.0373578
0.500 -0.0384567
0.501 -0.0395825
0.502 -0.0407357
0.503 -0.0419168
0.504 -0.0431262
0.505 -0.0443645
0.506 -0.0456321
0.507 -0.0469295
0.508 -0.0482573
0.509 -0.0496159
0.510 -0.0510059
0.511 -0.0524277
0.512 -0.0538819
0.513 -0.0553689
0.514 -0.0568893
0.515 -0.0584437
0.516 -0.0600324
0.517 -0.0616560
0.518 -0.0633151
0.519 -0.0650101
0.520 -0.0667416
0.521 -0.0685100
0.522 -0.0703160
0.523 -0.0721599
0.524 -0.0740424
0.525 -0.0759638
0.526 -0.0779248
0.527 -0.0799259
0.528 -0.0819674
0.529 -0.0840500
0.530 -0.0861742
0.531 -0.0883403
0.532 -0.0905490
0.533 -0.0928007
0.534 -0.0950958
0.535 -0.0974350
0.536 -0.0998185
0.537 -0.1022470
0.538 -0.1047208
0.539 -0.1072404
0.540 -0.1098063
0.541 -0.1124189
0.542 -0.1150786
0.543 -0.1177858
0.544 -0.1205411
0.545 -0.1233447
0.546 -0.1261971
0.547 -0.1290987
0.548 -0.1320498
0.549 -0.1350508
0.550 -0.1381021
0.551 -0.1412040
0.552 -0.1443569
0.553 -0.1475610
0.554 -0.1508167
0.555 -0.1541243
0.556 -0.1574841
0.557 -0.1608963
0.558 -0.1643611
0.559 -0.1678789
0.560 -0.1714499
0.561 -0.1750741
0.562 -0.1787520
0.563 -0.1824835
0.564 -0.1862689
0.565 -0.1901083
0.566 -0.1940019
0.567 -0.1979496
0.568 -0.2019517
0.569 -0.2060082
0.570 -0.2101190
0.571 -0.2142843
0.572 -0.2185040
0.573 -0.2227781
0.574 -0.2271066
0.575 -0.2314894
0.576 -0.2359263
0.577 -0.2404174
0.578 -0.2449623
0.579 -0.2495611
0.580 -0.2542134
0.581 -0.2589191
0.582 -0.2636779
0.583 -0.2684895
0.584 -0.2733537
0.585 -0.2782701
0.586 -0.2832384
0.587 -0.2882583
0.588 -0.2933291
0.589 -0.2984507
0.590 -0.3036224
0.591 -0.3088438
0.592 -0.3141144
0.593 -0.3194335
0.594 -0.3248006
0.595 -0.3302152
0.596 -0.3356764
0.597 -0.3411837
0.598 -0.3467363
0.599 -0.3523334
0.600 -0.3579744
0.601 -0.3636583
0.602 -0.3693843
0.603 -0.3751515
0.604 -0.3809590
0.605 -0.3868059
0.606 -0.3926911
0.607 -0.3986137
0.608 -0.4045725
0.609 -0.4105664
0.610 -0.4165945
0.611 -0.4226553
0.612 -0.4287479
0.613 -0.4348708
0.614 -0.4410230
0.615 -0.4472029
0.616 -0.4534094
0.617 -0.4596409
0.618 -0.4658962
0.619 -0.4721737
0.620 -0.4784719
0.621 -0.4847893
0.622 -0.4911244
0.623 -0.4974755
0.624 -0.5038411
0.625 -0.5102193
0.626 -0.5166086
0.627 -0.5230072
0.628 -0.5294134
0.629 -0.5358252
0.630 -0.5422409
0.631 -0.5486585
0.632 -0.5550762
0.633 -0.5614920
0.634 -0.5679040
0.635 -0.5743100
0.636 -0.5807081
0.637 -0.5870962
0.638 -0.5934722
0.639 -0.5998339
0.640 -0.6061791
0.641 -0.6125057
0.642 -0.6188114
0.643 -0.6250940
0.644 -0.6313511
0.645 -0.6375804
0.646 -0.6437797
0.647 -0.6499465
0.648 -0.6560783
0.649 -0.6621729
0.650 -0.6682278
0.651 -0.6742404
0.652 -0.6802082
0.653 -0.6861289
0.654 -0.6919998
0.655 -0.6978183
0.656 -0.7035819
0.657 -0.7092880
0.658 -0.7149340
0.659 -0.7205172
0.660 -0.7260351
0.661 -0.7314849
0.662 -0.7368639
0.663 -0.7421696
0.664 -0.7473991
0.665 -0.7525499
0.666 -0.7576191
0.667 -0.7626040
0.668 -0.7675020
0.669 -0.7723102
0.670 -0.7770260
0.671 -0.7816466
0.672 -0.7861693
0.673 -0.7905913
0.674 -0.7949099
0.675 -0.7991223
0.676 -0.8032259
0.677 -0.8072178
0.678 -0.8110954
0.679 -0.8148559
0.680 -0.8184967
0.681 -0.8220151
0.682 -0.8254083
0.683 -0.8286737
0.684 -0.8318087
0.685 -0.8348105
0.686 -0.8376767
0.687 -0.8404046
0.688 -0.8429916
0.689 -0.8454352
0.690 -0.8477329
0.691 -0.8498821
0.692 -0.8518804
0.693 -0.8537253
0.694 -0.8554145
0.695 -0.8569455
0.696 -0.8583160
0.697 -0.8595237
0.698 -0.8605663
0.699 -0.8614416
0.700 -0.8621473
0.701 -0.8626814
0.702 -0.8630418
0.703 -0.8632262
0.704 -0.8632329
0.705 -0.8630597
0.706 -0.8627047
0.707 -0.8621662
0.708 -0.8614422
0.709 -0.8605311
0.710 -0.8594310
0.711 -0.8581405
0.712 -0.8566578
0.713 -0.8549814
0.714 -0.8531100
0.715 -0.8510420
0.716 -0.8487762
0.717 -0.8463113
0.718 -0.8436460
0.719 -0.8407793
0.720 -0.8377101
0.721 -0.8344373
0.722 -0.8309602
0.723 -0.8272777
0.724 -0.8233893
0.725 -0.8192941
0.726 -0.8149915
0.727 -0.8104811
0.728 -0.8057624
0.729 -0.8008350
0.730 -0.7956986
0.731 -0.7903530
0.732 -0.7847982
0.733 -0.7790339
0.734 -0.7730605
0.735 -0.7668778
0.736 -0.7604863
0.737 -0.7538861
0.738 -0.7470778
0.739 -0.7400618
0.740 -0.7328388
0.741 -0.7254093
0.742 -0.7177742
0.743 -0.7099344
0.744 -0.7018908
0.745 -0.6936444
0.746 -0.6851965
0.747 -0.6765483
0.748 -0.6677012
0.749 -0.6586565
0.750 -0.6494159
0.751 -0.6399809
0.752 -0.6303533
0.753 -0.6205350
0.754 -0.6105278
0.755 -0.6003338
0.756 -0.5899552
0.757 -0.5793941
0.758 -0.5686528
0.759 -0.5577339
0.760 -0.5466397
0.761 -0.5353729
0.762 -0.5239362
0.763 -0.5123324
0.764 -0.5005644
0.765 -0.4886352
0.766 -0.4765479
0.767 -0.4643056
0.768 -0.4519117
0.769 -0.4393694
0.770 -0.4266822
0.771 -0.4138537
0.772 -0.4008875
0.773 -0.3877874
0.774 -0.3745570
0.775 -0.3612004
0.776 -0.3477215
0.777 -0.3341244
0.778 -0.3204131
0.779 -0.3065920
0.780 -0.2926653
0.781 -0.2786374
0.782 -0.2645129
0.783 -0.2502961
0.784 -0.2359918
0.785 -0.2216045
0.786 -0.2071391
0.787 -0.1926004
0.788 -0.1779933
0.789 -0.1633227
0.790 -0.1485936
0.791 -0.1338112
0.792 -0.1189805
0.793 -0.1041067
0.794 -0.0891952
0.795 -0.0742511
0.796 -0.0592798
0.797 -0.0442869
0.798 -0.0292776
0.799 -0.0142575
0.800  0.0007679
0.801  0.0157930
0.802  0.0308122
0.803  0.0458199
0.804  0.0608103
0.805  0.0757779
0.806  0.0907167
0.807  0.1056212
0.808  0.1204855
0.809  0.1353039
0.810  0.1500704
0.811  0.1647794
0.812  0.1794249
0.813  0.1940011
0.814  0.2085023
0.815  0.2229224
0.816  0.2372558
0.817  0.2514964
0.818  0.2656386
0.819  0.2796765
0.820  0.2936042
0.821  0.3074160
0.822  0.3211061
0.823  0.3346687
0.824  0.3480981
0.825  0.3613886
0.826  0.3745345
0.827  0.3875301
0.828  0.4003700
0.829  0.4130484
0.830  0.4255599
0.831  0.4378990
0.832  0.4500602
0.833  0.4620382
0.834  0.4738277
0.835  0.4854233
0.836  0.4968199
0.837  0.5080124
0.838  0.5189956
0.839  0.5297645
0.840  0.5403142
0.841  0.5506399
0.842  0.5607367
0.843  0.5706000
0.844  0.5802250
0.845  0.5896074
0.846  0.5987426
0.847  0.6076262
0.848  0.6162541
0.849  0.6246219
0.850  0.6327258
0.851  0.6405617
0.852  0.6481256
0.853  0.6554140
0.854  0.6624231
0.855  0.6691494
0.856  0.6755895
0.857  0.6817400
0.858  0.6875978
0.859  0.6931598
0.860  0.6984231
0.861  0.7033848
0.862  0.7080422
0.863  0.7123928
0.864  0.7164341
0.865  0.7201639
0.866  0.7235799
0.867  0.7266802
0.868  0.7294628
0.869  0.7319259
0.870  0.7340680
0.871  0.7358876
0.872  0.7373833
0.873  0.7385539
0.874  0.7393985
0.875  0.7399160
0.876  0.7401058
0.877  0.7399673
0.878  0.7395000
0.879  0.7387035
0.880  0.7375779
0.881  0.7361230
0.882  0.7343390
0.883  0.7322263
0.884  0.7297852
0.885  0.7270165
0.886  0.7239208
0.887  0.7204992
0.888  0.7167526
0.889  0.7126824
0.890  0.7082900
0.891  0.7035768
0.892  0.6985446
0.893  0.6931952
0.894  0.6875306
0.895  0.6815531
0.896  0.6752649
0.897  0.6686685
0.898  0.6617665
0.899  0.6545618
0.900  0.6470571
0.901  0.6392556
0.902  0.6311605
0.903  0.6227752
0.904  0.6141031
0.905  0.6051480
0.906  0.5959137
0.907  0.5864040
0.908  0.5766231
0.909  0.5665752
0.910  0.5562646
0.911  0.5456958
0.912  0.5348735
0.913  0.5238025
0.914  0.5124875
0.915  0.5009336
0.916  0.4891460
0.917  0.4771300
0.918  0.4648908
0.919  0.4524340
0.920  0.4397652
0.921  0.4268902
0.922  0.4138147
0.923  0.4005448
0.924  0.3870865
0.925  0.3734459
0.926  0.3596294
0.927  0.3456432
0.928  0.3314937
0.929  0.3171876
0.930  0.3027315
0.931  0.2881321
0.932  0.2733961
0.933  0.2585304
0.934  0.2435420
0.935  0.2284379
0.936  0.2132252
0.937  0.1979110
0.938  0.1825026
0.939  0.1670071
0.940  0.1514320
0.941  0.1357846
0.942  0.1200723
0.943  0.1043026
0.944  0.0884830
0.945  0.0726209
0.946  0.0567241
0.947  0.0408001
0.948  0.0248565
0.949  0.0089009
0.950 -0.0070589
0.951 -0.0230153
0.952 -0.0389607
0.953 -0.0548872
0.954 -0.0707874
0.955 -0.0866533
0.956 -0.1024775
0.957 -0.1182521
0.958 -0.1339696
0.959 -0.1496224
0.960 -0.1652027
0.961 -0.1807030
0.962 -0.1961157
0.963 -0.2114334
0.964 -0.2266485
0.965 -0.2417537
0.966 -0.2567414
0.967 -0.2716043
0.968 -0.2863352
0.969 -0.3009268
0.970 -0.3153719
0.971 -0.3296634
0.972 -0.3437943
0.973 -0.3577576
0.974 -0.3715464
0.975 -0.3851539
0.976 -0.3985733
0.977 -0.4117980
0.978 -0.4248214
0.979 -0.4376371
0.980 -0.4502387
0.981 -0.4626200
0.982 -0.4747747
0.983 -0.4866969
0.984 -0.4983805
0.985 -0.5098197
0.986 -0.5210089
0.987 -0.5319424
0.988 -0.5426148
0.989 -0.5530206
0.990 -0.5631548
0.991 -0.5730122
0.992 -0.5825878
0.993 -0.5918768
0.994 -0.6008746
0.995 -0.6095766
0.996 -0.6179784
0.997 -0.6260758
0.998 -0.6338647
0.999 -0.6413411
1.000 -0.6485013
1.001 -0.6553416
1.002 -0.6618585
1.003 -0.6680488
1.004 -0.6739092
1.005 -0.6794368
1.006 -0.6846287
1.007 -0.6894823
1.008 -0.6939951
1.009 -0.6981648
1.010 -0.7019892
1.011 -0.7054663
1.012 -0.7085943
1.013 -0.7113716
1.014 -0.7137967
1.015 -0.7158683
1.016 -0.7175854
1.017 -0.7189470
1.018 -0.7199523
1.019 -0.7206008
1.020 -0.7208920
1.021 -0.7208258
1.022 -0.7204022
1.023 -0.7196212
1.024 -0.7184831
1.025 -0.7169886
1.026 -0.7151382
1.027 -0.7129329
1.028 -0.7103736
1.029 -0.7074616
1.030 -0.7041982
1.031 -0.7005851
1.032 -0.6966240
1.033 -0.6923168
1.034 -0.6876656
1.035 -0.6826727
1.036 -0.6773405
1.037 -0.6716716
1.038 -0.6656688
1.039 -0.6593350
1.040 -0.6526735
1.041 -0.6456874
1.042 -0.6383802
1.043 -0.6307555
1.044 -0.6228171
1.045 -0.6145689
1.046 -0.6060151
1.047 -0.5971597
1.048 -0.5880072
1.049 -0.5785622
1.050 -0.5688294
1.051 -0.5588135
1.052 -0.5485196
1.053 -0.5379527
1.054 -0.5271182
1.055 -0.5160213
1.056 -0.5046677
1.057 -0.4930629
1.058 -0.4812128
1.059 -0.4691232
1.060 -0.4568002
1.061 -0.4442498
1.062 -0.4314784
1.063 -0.4184923
1.064 -0.4052979
1.065 -0.3919019
1.066 -0.3783109
1.067 -0.3645316
1.068 -0.3505711
1.069 -0.3364360
1.070 -0.3221337
1.071 -0.3076711
1.072 -0.2930554
1.073 -0.2782940
1.074 -0.2633942
1.075 -0.2483634
1.076 -0.2332091
1.077 -0.2179388
1.078 -0.2025602
1.079 -0.1870809
1.080 -0.1715086
1.081 -0.1558510
1.082 -0.1401160
1.083 -0.1243114
1.084 -0.1084450
1.085 -0.0925247
1.086 -0.0765584
1.087 -0.0605542
1.088 -0.0445198
1.089 -0.0284634
1.090 -0.0123928
1.091  0.0036839
1.092  0.0197588
1.093  0.0358239
1.094  0.0518713
1.095  0.0678928
1.096  0.0838808
1.097  0.0998271
1.098  0.1157239
1.099  0.1315633
1.100  0.1473376
1.101  0.1630388
1.102  0.1786592
1.103  0.1941911
1.104  0.2096269
1.105  0.2249588
1.106  0.2401794
1.107  0.2552811
1.108  0.2702564
1.109  0.2850980
1.110  0.2997986
1.111  0.3143510
1.112  0.3287479
1.113  0.3429823
1.114  0.3570472
1.115  0.3709357
1.116  0.3846409
1.117  0.3981562
1.118  0.4114749
1.119  0.4245905
1.120  0.4374966
1.121  0.4501869
1.122  0.4626551
1.123  0.4748952
1.124  0.4869012
1.125  0.4986673
1.126  0.5101877
1.127  0.5214568
1.128  0.5324691
1.129  0.5432194
1.130  0.5537023
1.131  0.5639129
1.132  0.5738461
1.133  0.5834972
1.134  0.5928614
1.135  0.6019345
1.136  0.6107118
1.137  0.6191893
1.138  0.6273628
1.139  0.6352285
1.140  0.6427825
1.141  0.6500214
1.142  0.6569416
1.143  0.6635398
1.144  0.6698131
1.145  0.6757583
1.146  0.6813726
1.147  0.6866536
1.148  0.6915986
1.149  0.6962055
1.150  0.7004720
1.151  0.7043962
1.152  0.7079764
1.153  0.7112108
1.154  0.7140981
1.155  0.7166370
1.156  0.7188263
1.157  0.7206652
1.158  0.7221529
1.159  0.7232888
1.160  0.7240724
1.161  0.7245036
1.162  0.7245822
1.163  0.7243085
1.164  0.7236826
1.165  0.7227050
1.166  0.7213763
1.167  0.7196973
1.168  0.7176690
1.169  0.7152925
1.170  0.7125692
1.171  0.7095004
1.172  0.7060879
1.173  0.7023333
1.174  0.6982388
1.175  0.6938064
1.176  0.6890384
1.177  0.6839373
1.178  0.6785057
1.179  0.6727463
1.180  0.6666622
1.181  0.6602563
1.182  0.6535320
1.183  0.6464926
1.184  0.6391416
1.185  0.6314827
1.186  0.6235199
1.187  0.6152570
1.188  0.6066982
1.189  0.5978477
1.190  0.5887099
1.191  0.5792894
1.192  0.5695908
1.193  0.5596189
1.194  0.5493787
1.195  0.5388751
1.196  0.5281134
1.197  0.5170987
1.198  0.5058366
1.199  0.4943326
1.200  0.4825922
1.201  0.4706212
1.202  0.4584254
1.203  0.4460108
1.204  0.4333834
1.205  0.4205494
1.206  0.4075149
1.207  0.3942864
1.208  0.3808701
1.209  0.3672726
1.210  0.3535004
1.211  0.3395602
1.212  0.3254587
1.213  0.3112027
1.214  0.2967990
1.215  0.2822546
1.216  0.2675764
1.217  0.2527714
1.218  0.2378467
1.219  0.2228095
1.220  0.2076670
1.221  0.1924263
1.222  0.1770947
1.223  0.1616795
1.224  0.1461880
1.225  0.1306276
1.226  0.1150056
1.227  0.0993294
1.228  0.0836065
1.229  0.0678443
1.230  0.0520502
1.231  0.0362316
1.232  0.0203960
1.233  0.0045508
1.234 -0.0112965
1.235 -0.0271385
1.236 -0.0429678
1.237 -0.0587770
1.238 -0.0745587
1.239 -0.0903056
1.240 -0.1060102
1.241 -0.1216653
1.242 -0.1372637
1.243 -0.1527980
1.244 -0.1682611
1.245 -0.1836459
1.246 -0.1989451
1.247 -0.2141518
1.248 -0.2292590
1.249 -0.2442596
1.250 -0.2591468
1.251 -0.2739138
1.252 -0.2885538
1.253 -0.3030600
1.254 -0.3174259
1.255 -0.3316449
1.256 -0.3457105
1.257 -0.3596164
1.258 -0.3733561
1.259 -0.3869235
1.260 -0.4003125
1.261 -0.4135169
1.262 -0.4265309
1.263 -0.4393485
1.264 -0.4519641
1.265 -0.4643718
1.266 -0.4765663
1.267 -0.4885419
1.268 -0.5002935
1.269 -0.5118157
1.270 -0.5231035
1.271 -0.5341518
1.272 -0.5449557
1.273 -0.5555106
1.274 -0.5658116
1.275 -0.5758544
1.276 -0.5856345
1.277 -0.5951476
1.278 -0.6043896
1.279 -0.6133565
1.280 -0.6220444
1.281 -0.6304496
1.282 -0.6385684
1.283 -0.6463973
1.284 -0.6539331
1.285 -0.6611725
1.286 -0.6681125
1.287 -0.6747501
1.288 -0.6810826
1.289 -0.6871073
1.290 -0.6928217
1.291 -0.6982235
1.292 -0.7033105
1.293 -0.7080806
1.294 -0.7125319
1.295 -0.7166627
1.296 -0.7204713
1.297 -0.7239563
1.298 -0.7271163
1.299 -0.7299502
1.300 -0.7324570
1.301 -0.7346357
1.302 -0.7364857
1.303 -0.7380064
1.304 -0.7391973
1.305 -0.7400582
1.306 -0.7405890
1.307 -0.7407896
1.308 -0.7406603
1.309 -0.7402014
1.310 -0.7394132
1.311 -0.7382965
1.312 -0.7368520
1.313 -0.7350806
1.314 -0.7329832
1.315 -0.7305612
1.316 -0.7278159
1.317 -0.7247486
1.318 -0.7213611
1.319 -0.7176551
1.320 -0.7136324
1.321 -0.7092952
1.322 -0.7046455
1.323 -0.6996856
1.324 -0.6944181
1.325 -0.6888455
1.326 -0.6829704
1.327 -0.6767956
1.328 -0.6703243
1.329 -0.6635593
1.330 -0.6565040
1.331 -0.6491616
1.332 -0.6415356
1.333 -0.6336295
1.334 -0.6254471
1.335 -0.6169921
1.336 -0.6082684
1.337 -0.5992802
1.338 -0.5900314
1.339 -0.5805263
1.340 -0.5707693
1.341 -0.5607648
1.342 -0.5505174
1.343 -0.5400317
1.344 -0.5293124
1.345 -0.5183644
1.346 -0.5071926
1.347 -0.4958020
1.348 -0.4841977
1.349 -0.4723848
1.350 -0.4603688
1.351 -0.4481548
1.352 -0.4357483
1.353 -0.4231548
1.354 -0.4103799
1.355 -0.3974292
1.356 -0.3843083
1.357 -0.3710231
1.358 -0.3575794
1.359 -0.3439831
1.360 -0.3302400
1.361 -0.3163562
1.362 -0.3023377
1.363 -0.2881906
1.364 -0.2739210
1.365 -0.2595351
1.366 -0.2450391
1.367 -0.2304392
1.368 -0.2157417
1.369 -0.2009530
1.370 -0.1860793
1.371 -0.1711270
1.372 -0.1561025
1.373 -0.1410122
1.374 -0.1258626
1.375 -0.1106599
1.376 -0.0954107
1.377 -0.0801215
1.378 -0.0647986
1.379 -0.0494486
1.380 -0.0340778
1.381 -0.0186928
1.382 -0.0033000
1.383  0.0120943
1.384  0.0274834
1.385  0.0428611
1.386  0.0582210
1.387  0.0735566
1.388  0.0888617
1.389  0.1041298
1.390  0.1193547
1.391  0.1345302
1.392  0.1496499
1.393  0.1647077
1.394  0.1796974
1.395  0.1946129
1.396  0.2094481
1.397  0.2241969
1.398  0.2388535
1.399  0.2534117
1.400  0.2678658
1.401  0.2822098
1.402  0.2964381
1.403  0.3105449
1.404  0.3245246
1.405  0.3383714
1.406  0.3520800
1.407  0.3656449
1.408  0.3790606
1.409  0.3923218
1.410  0.4054234
1.411  0.4183600
1.412  0.4311267
1.413  0.4437184
1.414  0.4561301
1.415  0.4683571
1.416  0.4803946
1.417  0.4922378
1.418  0.5038822
1.419  0.5153233
1.420  0.5265567
1.421  0.5375780
1.422  0.5483831
1.423  0.5589678
1.424  0.5693281
1.425  0.5794600
1.426  0.5893598
1.427  0.5990236
1.428  0.6084480
1.429  0.6176292
1.430  0.6265640
1.431  0.6352491
1.432  0.6436811
1.433  0.6518570
1.434  0.6597739
1.435  0.6674288
1.436  0.6748190
1.437  0.6819418
1.438  0.6887947
1.439  0.6953752
1.440  0.7016811
1.441  0.7077101
1.442  0.7134601
1.443  0.7189291
1.444  0.7241154
1.445  0.7290171
1.446  0.7336326
1.447  0.7379605
1.448  0.7419992
1.449  0.7457476
1.450  0.7492045
1.451  0.7523688
1.452  0.7552396
1.453  0.7578161
1.454  0.7600976
1.455  0.7620835
1.456  0.7637734
1.457  0.7651669
1.458  0.7662638
1.459  0.7670640
1.460  0.7675675
1.461  0.7677744
1.462  0.7676850
1.463  0.7672995
1.464  0.7666186
1.465  0.7656427
1.466  0.7643725
1.467  0.7628089
1.468  0.7609527
1.469  0.7588050
1.470  0.7563670
1.471  0.7536398
1.472  0.7506248
1.473  0.7473235
1.474  0.7437375
1.475  0.7398685
1.476  0.7357181
1.477  0.7312883
1.478  0.7265811
1.479  0.7215986
1.480  0.7163430
1.481  0.7108165
1.482  0.7050215
1.483  0.6989605
1.484  0.6926362
1.485  0.6860510
1.486  0.6792080
1.487  0.6721098
1.488  0.6647594
1.489  0.6571599
1.490  0.6493144
1.491  0.6412262
1.492  0.6328983
1.493  0.6243344
1.494  0.6155378
1.495  0.6065120
1.496  0.5972608
1.497  0.5877877
1.498  0.5780965
1.499  0.5681910
1.500  0.5580753
1.501  0.5477532
1.502  0.5372288
1.503  0.5265062
1.504  0.5155897
1.505  0.5044833
1.506  0.4931915
1.507  0.4817185
1.508  0.4700689
1.509  0.4582470
1.510  0.4462574
1.511  0.4341047
1.512  0.4217936
1.513  0.4093285
1.514  0.3967144
1.515  0.3839559
1.516  0.3710579
1.517  0.3580252
1.518  0.3448626
1.519  0.3315752
1.520  0.3181678
1.521  0.3046454
1.522  0.2910131
1.523  0.2772759
1.524  0.2634388
1.525  0.2495070
1.526  0.2354856
1.527  0.2213797
1.528  0.2071945
1.529  0.1929351
1.530  0.1786067
1.531  0.1642145
1.532  0.1497637
1.533  0.1352596
1.534  0.1207074
1.535  0.1061123
1.536  0.0914795
1.537  0.0768142
1.538  0.0621218
1.539  0.0474074
1.540  0.0326762
1.541  0.0179335
1.542  0.0031845
1.543 -0.0115657
1.544 -0.0263117
1.545 -0.0410486
1.546 -0.0557710
1.547 -0.0704739
1.548 -0.0851522
1.549 -0.0998007
1.550 -0.1144143
1.551 -0.1289881
1.552 -0.1435169
1.553 -0.1579959
1.554 -0.1724200
1.555 -0.1867842
1.556 -0.2010838
1.557 -0.2153137
1.558 -0.2294692
1.559 -0.2435455
1.560 -0.2575379
1.561 -0.2714415
1.562 -0.2852518
1.563 -0.2989641
1.564 -0.3125738
1.565 -0.3260764
1.566 -0.3394674
1.567 -0.3527424
1.568 -0.3658970
1.569 -0.3789267
1.570 -0.3918275
1.571 -0.4045950
1.572 -0.4172250
1.573 -0.4297135
1.574 -0.4420564
1.575 -0.4542497
1.576 -0.4662895
1.577 -0.4781718
1.578 -0.4898930
1.579 -0.5014492
1.580 -0.5128367
1.581 -0.5240521
1.582 -0.5350916
1.583 -0.5459519
1.584 -0.5566295
1.585 -0.5671211
1.586 -0.5774234
1.587 -0.5875333
1.588 -0.5974476
1.589 -0.6071633
1.590 -0.6166774
1.591 -0.6259870
1.592 -0.6350893
1.593 -0.6439815
1.594 -0.6526610
1.595 -0.6611252
1.596 -0.6693716
1.597 -0.6773977
1.598 -0.6852012
1.599 -0.6927798
1.600 -0.7001314
1.601 -0.7072538
1.602 -0.7141449
1.603 -0.7208029
1.604 -0.7272259
1.605 -0.7334121
1.606 -0.7393597
1.607 -0.7450672
1.608 -0.7505331
1.609 -0.7557558
1.610 -0.7607340
1.611 -0.7654665
1.612 -0.7699519
1.613 -0.7741893
1.614 -0.7781775
1.615 -0.7819156
1.616 -0.7854028
1.617 -0.7886382
1.618 -0.7916212
1.619 -0.7943512
1.620 -0.7968275
1.621 -0.7990498
1.622 -0.8010176
1.623 -0.8027308
1.624 -0.8041891
1.625 -0.8053923
1.626 -0.8063405
1.627 -0.8070336
1.628 -0.8074719
1.629 -0.8076554
1.630 -0.8075846
1.631 -0.8072597
1.632 -0.8066812
1.633 -0.8058497
1.634 -0.8047656
1.635 -0.8034298
1.636 -0.8018430
1.637 -0.8000060
1.638 -0.7979197
1.639 -0.7955851
1.640 -0.7930033
1.641 -0.7901754
1.642 -0.7871027
1.643 -0.7837864
1.644 -0.7802278
1.645 -0.7764285
1.646 -0.7723899
1.647 -0.7681135
1.648 -0.7636011
1.649 -0.7588543
1.650 -0.7538749
1.651 -0.7486648
1.652 -0.7432259
1.653 -0.7375601
1.654 -0.7316696
1.655 -0.7255563
1.656 -0.7192225
1.657 -0.7126704
1.658 -0.7059023
1.659 -0.6989205
1.660 -0.6917275
1.661 -0.6843257
1.662 -0.6767176
1.663 -0.6689059
1.664 -0.6608931
1.665 -0.6526820
1.666 -0.6442753
1.667 -0.6356757
1.668 -0.6268862
1.669 -0.6179095
1.670 -0.6087488
1.671 -0.5994068
1.672 -0.5898868
1.673 -0.5801917
1.674 -0.5703247
1.675 -0.5602889
1.676 -0.5500876
1.677 -0.5397240
1.678 -0.5292013
1.679 -0.5185230
1.680 -0.5076923
1.681 -0.4967127
1.682 -0.4855876
1.683 -0.4743204
1.684 -0.4629147
1.685 -0.4513740
1.686 -0.4397018
1.687 -0.4279017
1.688 -0.4159774
1.689 -0.4039324
1.690 -0.3917705
1.691 -0.3794953
1.692 -0.3671106
1.693 -0.3546200
1.694 -0.3420273
1.695 -0.3293363
1.696 -0.3165507
1.697 -0.3036745
1.698 -0.2907113
1.699 -0.2776650
1.700 -0.2645396
1.701 -0.2513387
1.702 -0.2380664
1.703 -0.2247264
1.704 -0.2113226
1.705 -0.1978590
1.706 -0.1843395
1.707 -0.1707678
1.708 -0.1571481
1.709 -0.1434840
1.710 -0.1297797
1.711 -0.1160389
1.712 -0.1022656
1.713 -0.0884636
1.714 -0.0746370
1.715 -0.0607895
1.716 -0.0469250
1.717 -0.0330475
1.718 -0.0191609
1.719 -0.0052689
1.720  0.0086246
1.721  0.0225156
1.722  0.0364005
1.723  0.0502753
1.724  0.0641363
1.725  0.0779796
1.726  0.0918016
1.727  0.1055983
1.728  0.1193662
1.729  0.1331015
1.730  0.1468005
1.731  0.1604595
1.732  0.1740749
1.733  0.1876430
1.734  0.2011603
1.735  0.2146231
1.736  0.2280279
1.737  0.2413711
1.738  0.2546493
1.739  0.2678591
1.740  0.2809968
1.741  0.2940593
1.742  0.3070430
1.743  0.3199446
1.744  0.3327608
1.745  0.3454883
1.746  0.3581238
1.747  0.3706643
1.748  0.3831064
1.749  0.3954470
1.750  0.4076831
1.751  0.4198115
1.752  0.4318293
1.753  0.4437334
1.754  0.4555209
1.755  0.4671889
1.756  0.4787345
1.757  0.4901550
1.758  0.5014474
1.759  0.5126091
1.760  0.5236374
1.761  0.5345295
1.762  0.5452830
1.763  0.5558953
1.764  0.5663638
1.765  0.5766860
1.766  0.5868595
1.767  0.5968820
1.768  0.6067511
1.769  0.6164645
1.770  0.6260200
1.771  0.6354155
1.772  0.6446486
1.773  0.6537175
1.774  0.6626199
1.775  0.6713540
1.776  0.6799178
1.777  0.6883093
1.778  0.6965268
1.779  0.7045685
1.780  0.7124326
1.781  0.7201174
1.782  0.7276213
1.783  0.7349427
1.784  0.7420801
1.785  0.7490320
1.786  0.7557969
1.787  0.7623736
1.788  0.7687605
1.789  0.7749566
1.790  0.7809605
1.791  0.7867711
1.792  0.7923873
1.793  0.7978079
1.794  0.8030321
1.795  0.8080588
1.796  0.8128872
1.797  0.8175163
1.798  0.8219455
1.799  0.8261738
1.800  0.8302007
1.801  0.8340255
1.802  0.8376476
1.803  0.8410664
1.804  0.8442815
1.805  0.8472925
1.806  0.8500989
1.807  0.8527005
1.808  0.8550969
1.809  0.8572879
1.810  0.8592734
1.811  0.8610531
1.812  0.8626272
1.813  0.8639954
1.814  0.8651578
1.815  0.8661146
1.816  0.8668658
1.817  0.8674116
1.818  0.8677523
1.819  0.8678880
1.820  0.8678192
1.821  0.8675461
1.822  0.8670693
1.823  0.8663891
1.824  0.8655061
1.825  0.8644208
1.826  0.8631339
1.827  0.8616459
1.828  0.8599576
1.829  0.8580698
1.830  0.8559831
1.831  0.8536985
1.832  0.8512167
1.833  0.8485388
1.834  0.8456657
1.835  0.8425983
1.836  0.8393378
1.837  0.8358851
1.838  0.8322415
1.839  0.8284081
1.840  0.8243861
1.841  0.8201767
1.842  0.8157813
1.843  0.8112011
1.844  0.8064376
1.845  0.8014921
1.846  0.7963661
1.847  0.7910609
1.848  0.7855783
1.849  0.7799196
1.850  0.7740865
1.851  0.7680805
1.852  0.7619034
1.853  0.7555568
1.854  0.7490424
1.855  0.7423620
1.856  0.7355174
1.857  0.7285102
1.858  0.7213425
1.859  0.7140161
1.860  0.7065327
1.861  0.6988945
1.862  0.6911033
1.863  0.6831611
1.864  0.6750699
1.865  0.6668318
1.866  0.6584488
1.867  0.6499230
1.868  0.6412565
1.869  0.6324514
1.870  0.6235098
1.871  0.6144341
1.872  0.6052263
1.873  0.5958886
1.874  0.5864234
1.875  0.5768329
1.876  0.5671192
1.877  0.5572849
1.878  0.5473321
1.879  0.5372631
1.880  0.5270805
1.881  0.5167864
1.882  0.5063833
1.883  0.4958735
1.884  0.4852596
1.885  0.4745438
1.886  0.4637287
1.887  0.4528166
1.888  0.4418101
1.889  0.4307117
1.890  0.4195237
1.891  0.4082486
1.892  0.3968891
1.893  0.3854476
1.894  0.3739265
1.895  0.3623285
1.896  0.3506560
1.897  0.3389116
1.898  0.3270979
1.899  0.3152173
1.900  0.3032724
1.901  0.2912659
1.902  0.2792001
1.903  0.2670778
1.904  0.2549014
1.905  0.2426735
1.906  0.2303967
1.907  0.2180736
1.908  0.2057067
1.909  0.1932985
1.910  0.1808517
1.911  0.1683688
1.912  0.1558523
1.913  0.1433049
1.914  0.1307290
1.915  0.1181272
1.916  0.1055021
1.917  0.0928561
1.918  0.0801919
1.919  0.0675119
1.920  0.0548186
1.921  0.0421147
1.922  0.0294024
1.923  0.0166845
1.924  0.0039633
1.925 -0.0087586
1.926 -0.0214789
1.927 -0.0341950
1.928 -0.0469045
1.929 -0.0596050
1.930 -0.0722940
1.931 -0.0849691
1.932 -0.0976280
1.933 -0.1102682
1.934 -0.1228874
1.935 -0.1354831
1.936 -0.1480532
1.937 -0.1605951
1.938 -0.1731067
1.939 -0.1855856
1.940 -0.1980295
1.941 -0.2104362
1.942 -0.2228034
1.943 -0.2351288
1.944 -0.2474103
1.945 -0.2596456
1.946 -0.2718327
1.947 -0.2839691
1.948 -0.2960530
1.949 -0.3080821
1.950 -0.3200543
1.951 -0.3319675
1.952 -0.3438196
1.953 -0.3556087
1.954 -0.3673327
1.955 -0.3789895
1.956 -0.3905772
1.957 -0.4020938
1.958 -0.4135374
1.959 -0.4249061
1.960 -0.4361979
1.961 -0.4474110
1.962 -0.4585435
1.963 -0.4695936
1.964 -0.4805594
1.965 -0.4914393
1.966 -0.5022314
1.967 -0.5129340
1.968 -0.5235454
1.969 -0.5340638
1.970 -0.5444877
1.971 -0.5548154
1.972 -0.5650452
1.973 -0.5751756
1.974 -0.5852050
1.975 -0.5951319
1.976 -0.6049547
1.977 -0.6146720
1.978 -0.6242822
1.979 -0.6337841
1.980 -0.6431760
1.981 -0.6524567
1.982 -0.6616248
1.983 -0.6706790
1.984 -0.6796178
1.985 -0.6884402
1.986 -0.6971447
1.987 -0.7057302
1.988 -0.7141955
1.989 -0.7225394
1.990 -0.7307607
1.991 -0.7388584
1.992 -0.7468312
1.993 -0.7546782
1.994 -0.7623984
1.995 -0.7699906
1.996 -0.7774539
1.997 -0.7847874
1.998 -0.7919901
1.999 -0.7990610
2.000 -0.8059994
2.001 -0.8128044
2.002 -0.8194751
2.003 -0.8260108
2.004 -0.8324106
2.005 -0.8386738
2.006 -0.8447997
2.007 -0.8507877
2.008 -0.8566369
2.009 -0.8623469
2.010 -0.8679170
2.011 -0.8733466
2.012 -0.8786351
2.013 -0.8837820
2.014 -0.8887869
2.015 -0.8936492
2.016 -0.8983684
2.017 -0.9029443
2.018 -0.9073762
2.019 -0.9116639
2.020 -0.9158071
2.021 -0.9198053
2.022 -0.9236584
2.023 -0.9273660
2.024 -0.9309278
2.025 -0.9343438
2.026 -0.9376136
2.027 -0.9407371
2.028 -0.9437141
2.029 -0.9465446
2.030 -0.9492284
2.031 -0.9517654
2.032 -0.9541557
2.033 -0.9563992
2.034 -0.9584958
2.035 -0.9604457
2.036 -0.9622488
2.037 -0.9639052
2.038 -0.9654151
2.039 -0.9667785
2.040 -0.9679956
2.041 -0.9690666
2.042 -0.9699916
2.043 -0.9707708
2.044 -0.9714045
2.045 -0.9718929
2.046 -0.9722364
2.047 -0.9724351
2.048 -0.9724895
2.049 -0.9723998
2.050 -0.9721665
2.051 -0.9717899
2.052 -0.9712703
2.053 -0.9706083
2.054 -0.9698043
2.055 -0.9688587
2.056 -0.9677720
2.057 -0.9665448
2.058 -0.9651775
2.059 -0.9636706
2.060 -0.9620249
2.061 -0.9602407
2.062 -0.9583188
2.063 -0.9562597
2.064 -0.9540641
2.065 -0.9517326
2.066 -0.9492659
2.067 -0.9466647
2.068 -0.9439296
2.069 -0.9410615
2.070 -0.9380610
2.071 -0.9349288
2.072 -0.9316659
2.073 -0.9282729
2.074 -0.9247506
2.075 -0.9210999
2.076 -0.9173216
2.077 -0.9134165
2.078 -0.9093855
2.079 -0.9052295
2.080 -0.9009493
2.081 -0.8965459
2.082 -0.8920202
2.083 -0.8873731
2.084 -0.8826055
2.085 -0.8777184
2.086 -0.8727128
2.087 -0.8675897
2.088 -0.8623500
2.089 -0.8569948
2.090 -0.8515250
2.091 -0.8459418
2.092 -0.8402460
2.093 -0.8344389
2.094 -0.8285213
2.095 -0.8224945
2.096 -0.8163595
2.097 -0.8101174
2.098 -0.8037692
2.099 -0.7973161
2.100 -0.7907593
2.101 -0.7840997
2.102 -0.7773387
2.103 -0.7704772
2.104 -0.7635166
2.105 -0.7564578
2.106 -0.7493021
2.107 -0.7420507
2.108 -0.7347048
2.109 -0.7272654
2.110 -0.7197340
2.111 -0.7121115
2.112 -0.7043993
2.113 -0.6965985
2.114 -0.6887104
2.115 -0.6807362
2.116 -0.6726771
2.117 -0.6645344
2.118 -0.6563093
2.119 -0.6480030
2.120 -0.6396168
2.121 -0.6311520
2.122 -0.6226098
2.123 -0.6139914
2.124 -0.6052981
2.125 -0.5965312
2.126 -0.5876920
2.127 -0.5787817
2.128 -0.5698016
2.129 -0.5607530
2.130 -0.5516371
2.131 -0.5424553
2.132 -0.5332088
2.133 -0.5238988
2.134 -0.5145268
2.135 -0.5050939
2.136 -0.4956015
2.137 -0.4860508
2.138 -0.4764431
2.139 -0.4667798
2.140 -0.4570620
2.141 -0.4472911
2.142 -0.4374684
2.143 -0.4275952
2.144 -0.4176726
2.145 -0.4077021
2.146 -0.3976849
2.147 -0.3876223
2.148 -0.3775155
2.149 -0.3673659
2.150 -0.3571747
2.151 -0.3469431
2.152 -0.3366726
2.153 -0.3263642
2.154 -0.3160193
2.155 -0.3056392
2.156 -0.2952251
2.157 -0.2847783
2.158 -0.2742999
2.159 -0.2637914
2.160 -0.2532538
2.161 -0.2426885
2.162 -0.2320967
2.163 -0.2214796
2.164 -0.2108385
2.165 -0.2001746
2.166 -0.1894890
2.167 -0.1787831
2.168 -0.1680580
2.169 -0.1573149
2.170 -0.1465551
2.171 -0.1357796
2.172 -0.1249898
2.173 -0.1141868
2.174 -0.1033718
2.175 -0.0925459
2.176 -0.0817104
2.177 -0.0708663
2.178 -0.0600148
2.179 -0.0491572
2.180 -0.0382944
2.181 -0.0274277
2.182 -0.0165582
2.183 -0.0056870
2.184  0.0051848
2.185  0.0160561
2.186  0.0269257
2.187  0.0377926
2.188  0.0486557
2.189  0.0595140
2.190  0.0703662
2.191  0.0812115
2.192  0.0920486
2.193  0.1028767
2.194  0.1136946
2.195  0.1245013
2.196  0.1352958
2.197  0.1460770
2.198  0.1568440
2.199  0.1675958
2.200  0.1783313
2.201  0.1890496
2.202  0.1997498
2.203  0.2104307
2.204  0.2210916
2.205  0.2317314
2.206  0.2423492
2.207  0.2529441
2.208  0.2635151
2.209  0.2740613
2.210  0.2845819
2.211  0.2950759
2.212  0.3055425
2.213  0.3159807
2.214  0.3263898
2.215  0.3367688
2.216  0.3471169
2.217  0.3574333
2.218  0.3677170
2.219  0.3779674
2.220  0.3881836
2.221  0.3983648
2.222  0.4085102
2.223  0.4186190
2.224  0.4286904
2.225  0.4387238
2.226  0.4487182
2.227  0.4586731
2.228  0.4685876
2.229  0.4784610
2.230  0.4882926
2.231  0.4980817
2.232  0.5078276
2.233  0.5175297
2.234  0.5271872
2.235  0.5367994
2.236  0.5463658
2.237  0.5558856
2.238  0.5653583
2.239  0.5747832
2.240  0.5841596
2.241  0.5934871
2.242  0.6027649
2.243  0.6119925
2.244  0.6211693
2.245  0.6302947
2.246  0.6393682
2.247  0.6483893
2.248  0.6573573
2.249  0.6662718
2.250  0.6751323
2.251  0.6839382
2.252  0.6926890
2.253  0.7013842
2.254  0.7100234
2.255  0.7186060
2.256  0.7271317
2.257  0.7355999
2.258  0.7440103
2.259  0.7523623
2.260  0.7606556
2.261  0.7688898
2.262  0.7770644
2.263  0.7851790
2.264  0.7932333
2.265  0.8012269
2.266  0.8091593
2.267  0.8170304
2.268  0.8248396
2.269  0.8325867
2.270  0.8402713
2.271  0.8478931
2.272  0.8554518
2.273  0.8629471
2.274  0.8703787
2.275  0.8777463
2.276  0.8850496
2.277  0.8922884
2.278  0.8994624
2.279  0.9065713
2.280  0.9136150
2.281  0.9205931
2.282  0.9275055
2.283  0.9343519
2.284  0.9411322
2.285  0.9478461
2.286  0.9544934
2.287  0.9610740
2.288  0.9675877
2.289  0.9740343
2.290  0.9804136
2.291  0.9867256
2.292  0.9929700
2.293  0.9991468
2.294  1.0052558
2.295  1.0112969
2.296  1.0172700
2.297  1.0231750
2.298  1.0290118
2.299  1.0347803
2.300  1.0404805
2.301  1.0461122
2.302  1.0516754
2.303  1.0571701
2.304  1.0625962
2.305  1.0679536
2.306  1.0732424
2.307  1.0784625
2.308  1.0836138
2.309  1.0886965
2.310  1.0937104
2.311  1.0986556
2.312  1.1035321
2.313  1.1083399
2.314  1.1130790
2.315  1.1177495
2.316  1.1223514
2.317  1.1268847
2.318  1.1313495
2.319  1.1357458
2.320  1.1400738
2.321  1.1443335
2.322  1.1485249
2.323  1.1526481
2.324  1.1567033
2.325  1.1606905
2.326  1.1646098
2.327  1.1684614
2.328  1.1722453
2.329  1.1759617
2.330  1.1796106
2.331  1.1831923
2.332  1.1867068
2.333  1.1901543
2.334  1.1935349
2.335  1.1968488
2.336  1.2000962
2.337  1.2032772
2.338  1.2063920
2.339  1.2094407
2.340  1.2124235
2.341  1.2153407
2.342  1.2181923
2.343  1.2209786
2.344  1.2236998
2.345  1.2263561
2.346  1.2289477
2.347  1.2314748
2.348  1.2339377
2.349  1.2363364
2.350  1.2386714
2.351  1.2409427
2.352  1.2431506
2.353  1.2452955
2.354  1.2473774
2.355  1.2493967
2.356  1.2513536
2.357  1.2532483
2.358  1.2550812
2.359  1.2568524
2.360  1.2585623
2.361  1.2602110
2.362  1.2617990
2.363  1.2633264
2.364  1.2647935
2.365  1.2662007
2.366  1.2675482
2.367  1.2688362
2.368  1.2700651
2.369  1.2712352
2.370  1.2723468
2.371  1.2734002
2.372  1.2743956
2.373  1.2753334
2.374  1.2762140
2.375  1.2770375
2.376  1.2778044
2.377  1.2785149
2.378  1.2791693
2.379  1.2797681
2.380  1.2803114
2.381  1.2807998
2.382  1.2812333
2.383  1.2816125
2.384  1.2819376
2.385  1.2822090
2.386  1.2824270
2.387  1.2825920
2.388  1.2827042
2.389  1.2827641
2.390  1.2827720
2.391  1.2827282
2.392  1.2826332
2.393  1.2824871
2.394  1.2822904
2.395  1.2820435
2.396  1.2817467
2.397  1.2814004
2.398  1.2810048
2.399  1.2805605
2.400  1.2800677
2.401  1.2795268
2.402  1.2789382
2.403  1.2783022
2.404  1.2776192
2.405  1.2768896
2.406  1.2761138
2.407  1.2752920
2.408  1.2744247
2.409  1.2735123
2.410  1.2725551
2.411  1.2715535
2.412  1.2705079
2.413  1.2694186
2.414  1.2682861
2.415  1.2671106
2.416  1.2658926
2.417  1.2646325
2.418  1.2633306
2.419  1.2619873
2.420  1.2606030
2.421  1.2591780
2.422  1.2577128
2.423  1.2562077
2.424  1.2546631
2.425  1.2530794
2.426  1.2514569
2.427  1.2497961
2.428  1.2480973
2.429  1.2463608
2.430  1.2445872
2.431  1.2427767
2.432  1.2409297
2.433  1.2390466
2.434  1.2371278
2.435  1.2351736
2.436  1.2331845
2.437  1.2311608
2.438  1.2291029
2.439  1.2270112
2.440  1.2248860
2.441  1.2227278
2.442  1.2205368
2.443  1.2183135
2.444  1.2160582
2.445  1.2137714
2.446  1.2114533
2.447  1.2091044
2.448  1.2067251
2.449  1.2043156
2.450  1.2018764
2.451  1.1994078
2.452  1.1969103
2.453  1.1943841
2.454  1.1918297
2.455  1.1892473
2.456  1.1866375
2.457  1.1840004
2.458  1.1813366
2.459  1.1786463
2.460  1.1759299
2.461  1.1731878
2.462  1.1704203
2.463  1.1676279
2.464  1.1648107
2.465  1.1619693
2.466  1.1591039
2.467  1.1562149
2.468  1.1533027
2.469  1.1503675
2.470  1.1474098
2.471  1.1444300
2.472  1.1414282
2.473  1.1384050
2.474  1.1353605
2.475  1.1322953
2.476  1.1292095
2.477  1.1261036
2.478  1.1229779
2.479  1.1198327
2.480  1.1166684
2.481  1.1134852
2.482  1.1102836
2.483  1.1070638
2.484  1.1038261
2.485  1.1005710
2.486  1.0972987
2.487  1.0940095
2.488  1.0907038
2.489  1.0873819
2.490  1.0840441
2.491  1.0806907
2.492  1.0773221
2.493  1.0739385
2.494  1.0705403
2.495  1.0671277
2.496  1.0637011
2.497  1.0602608
2.498  1.0568070
2.499  1.0533402
2.500  1.0498605
2.501  1.0463683
2.502  1.0428639
2.503  1.0393476
2.504  1.0358197
2.505  1.0322804
2.506  1.0287300
2.507  1.0251689
2.508  1.0215974
2.509  1.0180156
2.510  1.0144239
2.511  1.0108226
2.512  1.0072119
2.513  1.0035922
2.514  0.9999637
2.515  0.9963266
2.516  0.9926813
2.517  0.9890280
2.518  0.9853669
2.519  0.9816984
2.520  0.9780227
2.521  0.9743401
2.522  0.9706508
2.523  0.9669551
2.524  0.9632532
2.525  0.9595454
2.526  0.9558319
2.527  0.9521130
2.528  0.9483890
2.529  0.9446600
2.530  0.9409264
2.531  0.9371883
2.532  0.9334461
2.533  0.9296998
2.534  0.9259499
2.535  0.9221965
2.536  0.9184398
2.537  0.9146800
2.538  0.9109175
2.539  0.9071524
2.540  0.9033849
2.541  0.8996153
2.542  0.8958438
2.543  0.8920706
2.544  0.8882959
2.545  0.8845200
2.546  0.8807430
2.547  0.8769651
2.548  0.8731866
2.549  0.8694077
2.550  0.8656285
2.551  0.8618493
2.552  0.8580703
2.553  0.8542917
2.554  0.8505136
2.555  0.8467363
2.556  0.8429599
2.557  0.8391847
2.558  0.8354108
2.559  0.8316384
2.560  0.8278677
2.561  0.8240989
2.562  0.8203321
2.563  0.8165676
2.564  0.8128055
2.565  0.8090460
2.566  0.8052893
2.567  0.8015355
2.568  0.7977848
2.569  0.7940374
2.570  0.7902934
2.571  0.7865529
2.572  0.7828163
2.573  0.7790836
2.574  0.7753549
2.575  0.7716305
2.576  0.7679104
2.577  0.7641949
2.578  0.7604841
2.579  0.7567781
2.580  0.7530771
2.581  0.7493813
2.582  0.7456907
2.583  0.7420055
2.584  0.7383258
2.585  0.7346519
2.586  0.7309837
2.587  0.7273215
2.588  0.7236654
2.589  0.7200156
2.590  0.7163720
2.591  0.7127350
2.592  0.7091045
2.593  0.7054808
2.594  0.7018639
2.595  0.6982540
2.596  0.6946512
2.597  0.6910556
2.598  0.6874672
2.599  0.6838864
2.600  0.6803130
2.601  0.6767473
2.602  0.6731894
2.603  0.6696393
2.604  0.6660972
2.605  0.6625632
2.606  0.6590373
2.607  0.6555198
2.608  0.6520106
2.609  0.6485099
2.610  0.6450177
2.611  0.6415342
2.612  0.6380595
2.613  0.6345936
2.614  0.6311366
2.615  0.6276887
2.616  0.6242499
2.617  0.6208202
2.618  0.6173999
2.619  0.6139889
2.620  0.6105873
2.621  0.6071953
2.622  0.6038129
2.623  0.6004401
2.624  0.5970771
2.625  0.5937239
2.626  0.5903806
2.627  0.5870473
2.628  0.5837239
2.629  0.5804107
2.630  0.5771077
2.631  0.5738149
2.632  0.5705323
2.633  0.5672602
2.634  0.5639984
2.635  0.5607472
2.636  0.5575064
2.637  0.5542763
2.638  0.5510568
2.639  0.5478479
2.640  0.5446499
2.641  0.5414627
2.642  0.5382863
2.643  0.5351208
2.644  0.5319663
2.645  0.5288227
2.646  0.5256902
2.647  0.5225688
2.648  0.5194586
2.649  0.5163595
2.650  0.5132716
2.651  0.5101950
2.652  0.5071297
2.653  0.5040757
2.654  0.5010331
2.655  0.4980019
2.656  0.4949821
2.657  0.4919738
2.658  0.4889770
2.659  0.4859917
2.660  0.4830180
2.661  0.4800558
2.662  0.4771053
2.663  0.4741665
2.664  0.4712393
2.665  0.4683238
2.666  0.4654200
2.667  0.4625279
2.668  0.4596477
2.669  0.4567792
2.670  0.4539225
2.671  0.4510776
2.672  0.4482445
2.673  0.4454233
2.674  0.4426140
2.675  0.4398166
2.676  0.4370311
2.677  0.4342574
2.678  0.4314957
2.679  0.4287460
2.680  0.4260081
2.681  0.4232823
2.682  0.4205684
2.683  0.4178664
2.684  0.4151765
2.685  0.4124985
2.686  0.4098325
2.687  0.4071785
2.688  0.4045365
2.689  0.4019065
2.690  0.3992885
2.691  0.3966825
2.692  0.3940885
2.693  0.3915065
2.694  0.3889365
2.695  0.3863785
2.696  0.3838325
2.697  0.3812985
2.698  0.3787764
2.699  0.3762664
2.700  0.3737683
2.701  0.3712823
2.702  0.3688081
2.703  0.3663460
2.704  0.3638958
2.705  0.3614575
2.706  0.3590312
2.707  0.3566168
2.708  0.3542143
2.709  0.3518237
2.710  0.3494449
2.711  0.3470781
2.712  0.3447231
2.713  0.3423800
2.714  0.3400487
2.715  0.3377293
2.716  0.3354216
2.717  0.3331257
2.718  0.3308416
2.719  0.3285693
2.720  0.3263087
2.721  0.3240598
2.722  0.3218226
2.723  0.3195971
2.724  0.3173832
2.725  0.3151810
2.726  0.3129905
2.727  0.3108115
2.728  0.3086441
2.729  0.3064882
2.730  0.3043439
2.731  0.3022111
2.732  0.3000898
2.733  0.2979800
2.734  0.2958816
2.735  0.2937946
2.736  0.2917190
2.737  0.2896548
2.738  0.2876019
2.739  0.2855603
2.740  0.2835300
2.741  0.2815110
2.742  0.2795032
2.743  0.2775066
2.744  0.2755211
2.745  0.2735469
2.746  0.2715837
2.747  0.2696316
2.748  0.2676906
2.749  0.2657606
2.750  0.2638417
2.751  0.2619337
2.752  0.2600366
2.753  0.2581504
2.754  0.2562751
2.755  0.2544107
2.756  0.2525571
2.757  0.2507142
2.758  0.2488821
2.759  0.2470607
2.760  0.2452500
2.761  0.2434499
2.762  0.2416605
2.763  0.2398816
2.764  0.2381133
2.765  0.2363555
2.766  0.2346082
2.767  0.2328713
2.768  0.2311448
2.769  0.2294287
2.770  0.2277229
2.771  0.2260275
2.772  0.2243423
2.773  0.2226673
2.774  0.2210025
2.775  0.2193479
2.776  0.2177034
2.777  0.2160690
2.778  0.2144446
2.779  0.2128303
2.780  0.2112259
2.781  0.2096315
2.782  0.2080469
2.783  0.2064722
2.784  0.2049074
2.785  0.2033523
2.786  0.2018069
2.787  0.2002713
2.788  0.1987454
2.789  0.1972290
2.790  0.1957223
2.791  0.1942251
2.792  0.1927375
2.793  0.1912593
2.794  0.1897905
2.795  0.1883312
2.796  0.1868812
2.797  0.1854406
2.798  0.1840092
2.799  0.1825870
2.800  0.1811741
2.801  0.1797703
2.802  0.1783757
2.803  0.1769901
2.804  0.1756136
2.805  0.1742460
2.806  0.1728875
2.807  0.1715378
2.808  0.1701971
2.809  0.1688652
2.810  0.1675421
2.811  0.1662277
2.812  0.1649221
2.813  0.1636252
2.814  0.1623369
2.815  0.1610572
2.816  0.1597861
2.817  0.1585235
2.818  0.1572694
2.819  0.1560237
2.820  0.1547865
2.821  0.1535576
2.822  0.1523370
2.823  0.1511247
2.824  0.1499206
2.825  0.1487248
2.826  0.1475371
2.827  0.1463575
2.828  0.1451860
2.829  0.1440225
2.830  0.1428671
2.831  0.1417196
2.832  0.1405800
2.833  0.1394483
2.834  0.1383245
2.835  0.1372084
2.836  0.1361002
2.837  0.1349996
2.838  0.1339067
2.839  0.1328215
2.840  0.1317438
2.841  0.1306737
2.842  0.1296112
2.843  0.1285561
2.844  0.1275085
2.845  0.1264682
2.846  0.1254354
2.847  0.1244098
2.848  0.1233916
2.849  0.1223805
2.850  0.1213767
2.851  0.1203801
2.852  0.1193906
2.853  0.1184082
2.854  0.1174328
2.855  0.1164644
2.856  0.1155030
2.857  0.1145486
2.858  0.1136010
2.859  0.1126603
2.860  0.1117264
2.861  0.1107993
2.862  0.1098790
2.863  0.1089653
2.864  0.1080583
2.865  0.1071580
2.866  0.1062642
2.867  0.1053770
2.868  0.1044962
2.869  0.1036220
2.870  0.1027542
2.871  0.1018928
2.872  0.1010378
2.873  0.1001891
2.874  0.0993467
2.875  0.0985105
2.876  0.0976806
2.877  0.0968568
2.878  0.0960392
2.879  0.0952277
2.880  0.0944222
2.881  0.0936228
2.882  0.0928294
2.883  0.0920419
2.884  0.0912604
2.885  0.0904847
2.886  0.0897149
2.887  0.0889510
2.888  0.0881928
2.889  0.0874403
2.890  0.0866936
2.891  0.0859525
2.892  0.0852171
2.893  0.0844873
2.894  0.0837630
2.895  0.0830443
2.896  0.0823311
2.897  0.0816234
2.898  0.0809211
2.899  0.0802242
2.900  0.0795326
2.901  0.0788464
2.902  0.0781655
2.903  0.0774898
2.904  0.0768194
2.905  0.0761542
2.906  0.0754941
2.907  0.0748392
2.908  0.0741894
2.909  0.0735446
2.910  0.0729048
2.911  0.0722701
2.912  0.0716403
2.913  0.0710155
2.914  0.0703955
2.915  0.0697804
2.916  0.0691702
2.917  0.0685648
2.918  0.0679641
2.919  0.0673682
2.920  0.0667770
2.921  0.0661904
2.922  0.0656086
2.923  0.0650313
2.924  0.0644586
2.925  0.0638905
2.926  0.0633269
2.927  0.0627678
2.928  0.0622132
2.929  0.0616630
2.930  0.0611172
2.931  0.0605757
2.932  0.0600387
2.933  0.0595059
2.934  0.0589774
2.935  0.0584532
2.936  0.0579332
2.937  0.0574174
2.938  0.0569058
2.939  0.0563983
2.940  0.0558949
2.941  0.0553956
2.942  0.0549004
2.943  0.0544092
2.944  0.0539220
2.945  0.0534387
2.946  0.0529594
2.947  0.0524841
2.948  0.0520126
2.949  0.0515449
2.950  0.0510811
2.951  0.0506211
2.952  0.0501649
2.953  0.0497125
2.954  0.0492637
2.955  0.0488187
2.956  0.0483773
2.957  0.0479396
2.958  0.0475055
2.959  0.0470750
2.960  0.0466481
2.961  0.0462247
2.962  0.0458048
2.963  0.0453884
2.964  0.0449755
2.965  0.0445661
2.966  0.0441600
2.967  0.0437573
2.968  0.0433580
2.969  0.0429621
2.970  0.0425695
2.971  0.0421801
2.972  0.0417940
2.973  0.0414112
2.974  0.0410316
2.975  0.0406552
2.976  0.0402820
2.977  0.0399119
2.978  0.0395450
2.979  0.0391811
2.980  0.0388204
2.981  0.0384626
2.982  0.0381080
2.983  0.0377563
2.984  0.0374077
2.985  0.0370620
2.986  0.0367192
2.987  0.0363794
2.988  0.0360424
2.989  0.0357084
2.990  0.0353772
2.991  0.0350489
2.992  0.0347233
2.993  0.0344006
2.994  0.0340806
2.995  0.0337634
2.996  0.0334489
2.997  0.0331371
2.998  0.0328280
2.999  0.0325216
3.000  0.0322178
3.001  0.0319167
3.002  0.0316181
3.003  0.0313222
3.004  0.0310288
3.005  0.0307379
3.006  0.0304496
3.007  0.0301638
3.008  0.0298805
3.009  0.0295996
3.010  0.0293212
3.011  0.0290453
3.012  0.0287717
3.013  0.0285005
3.014  0.0282318
3.015  0.0279653
3.016  0.0277012
3.017  0.0274394
3.018  0.0271800
3.019  0.0269228
3.020  0.0266678
3.021  0.0264151
3.022  0.0261647
3.023  0.0259164
3.024  0.0256704
3.025  0.0254265
3.026  0.0251848
3.027  0.0249452
3.028  0.0247077
3.029  0.0244724
3.030  0.0242391
3.031  0.0240080
3.032  0.0237788
3.033  0.0235517
3.034  0.0233267
3.035  0.0231036
3.036  0.0228826
3.037  0.0226635
3.038  0.0224464
3.039  0.0222312
3.040  0.0220179
3.041  0.0218066
3.042  0.0215971
3.043  0.0213896
3.044  0.0211839
3.045  0.0209800
3.046  0.0207780
3.047  0.0205778
3.048  0.0203794
3.049  0.0201828
3.050  0.0199880
3.051  0.0197950
3.052  0.0196036
3.053  0.0194141
3.054  0.0192262
3.055  0.0190401
3.056  0.0188556
3.057  0.0186728
3.058  0.0184917
3.059  0.0183122
3.060  0.0181344
3.061  0.0179581
3.062  0.0177835
3.063  0.0176105
3.064  0.0174391
3.065  0.0172692
3.066  0.0171009
3.067  0.0169341
3.068  0.0167689
3.069  0.0166051
3.070  0.0164429
3.071  0.0162822
3.072  0.0161229
3.073  0.0159651
3.074  0.0158088
3.075  0.0156539
3.076  0.0155004
3.077  0.0153484
3.078  0.0151977
3.079  0.0150485
3.080  0.0149006
3.081  0.0147541
3.082  0.0146090
3.083  0.0144652
3.084  0.0143227
3.085  0.0141815
3.086  0.0140417
3.087  0.0139032
3.088  0.0137659
3.089  0.0136300
3.090  0.0134953
3.091  0.0133618
3.092  0.0132297
3.093  0.0130987
3.094  0.0129690
3.095  0.0128404
3.096  0.0127131
3.097  0.0125870
3.098  0.0124621
3.099  0.0123383
3.100  0.0122157
3.101  0.0120942
3.102  0.0119739
3.103  0.0118547
3.104  0.0117367
3.105  0.0116197
3.106  0.0115039
3.107  0.0113891
3.108  0.0112755
3.109  0.0111629
3.110  0.0110514
3.111  0.0109409
3.112  0.0108315
3.113  0.0107231
3.114  0.0106157
3.115  0.0105094
3.116  0.0104040
3.117  0.0102997
3.118  0.0101964
3.119  0.0100940
3.120  0.0099926
3.121  0.0098922
3.122  0.0097927
3.123  0.0096942
3.124  0.0095967
3.125  0.0095000
3.126  0.0094043
3.127  0.0093095
3.128  0.0092156
3.129  0.0091226
3.130  0.0090305
3.131  0.0089393
3.132  0.0088490
3.133  0.0087595
3.134  0.0086709
3.135  0.0085831
3.136  0.0084962
3.137  0.0084101
3.138  0.0083249
3.139  0.0082405
3.140  0.0081568
3.141  0.0080740
3.142  0.0079920
3.143  0.0079108
3.144  0.0078304
3.145  0.0077507
3.146  0.0076719
3.147  0.0075937
3.148  0.0075164
3.149  0.0074398
3.150  0.0073639
3.151  0.0072888
3.152  0.0072144
3.153  0.0071407
3.154  0.0070678
3.155  0.0069955
3.156  0.0069240
3.157  0.0068531
3.158  0.0067830
3.159  0.0067135
3.160  0.0066447
3.161  0.0065766
3.162  0.0065092
3.163  0.0064424
3.164  0.0063763
3.165  0.0063108
3.166  0.0062459
3.167  0.0061817
3.168  0.0061181
3.169  0.0060552
3.170  0.0059928
3.171  0.0059311
3.172  0.0058700
3.173  0.0058095
3.174  0.0057496
3.175  0.0056903
3.176  0.0056315
3.177  0.0055734
3.178  0.0055158
3.179  0.0054588
3.180  0.0054023
3.181  0.0053464
3.182  0.0052911
3.183  0.0052363
3.184  0.0051820
3.185  0.0051283
3.186  0.0050751
3.187  0.0050225
3.188  0.0049703
3.189  0.0049187
3.190  0.0048676
3.191  0.0048170
3.192  0.0047669
3.193  0.0047174
3.194  0.0046683
3.195  0.0046197
3.196  0.0045715
3.197  0.0045239
3.198  0.0044767
3.199  0.0044300
3.200  0.0043838
3.201  0.0043381
3.202  0.0042928
3.203  0.0042479
3.204  0.0042035
3.205  0.0041595
3.206  0.0041160
3.207  0.0040729
3.208  0.0040303
3.209  0.0039881
3.210  0.0039463
3.211  0.0039049
3.212  0.0038640
3.213  0.0038234
3.214  0.0037833
3.215  0.0037435
3.216  0.0037042
3.217  0.0036653
3.218  0.0036267
3.219  0.0035886
3.220  0.0035508
3.221  0.0035134
3.222  0.0034764
3.223  0.0034398
3.224  0.0034035
3.225  0.0033676
3.226  0.0033321
3.227  0.0032970
3.228  0.0032621
3.229  0.0032277
3.230  0.0031936
3.231  0.0031598
3.232  0.0031264
3.233  0.0030933
3.234  0.0030606
3.235  0.0030282
3.236  0.0029961
3.237  0.0029643
3.238  0.0029329
3.239  0.0029018
3.240  0.0028710
3.241  0.0028405
3.242  0.0028104
3.243  0.0027805
3.244  0.0027510
3.245  0.0027217
3.246  0.0026928
3.247  0.0026641
3.248  0.0026358
3.249  0.0026077
3.250  0.0025799
3.251  0.0025524
3.252  0.0025252
3.253  0.0024983
3.254  0.0024716
3.255  0.0024453
3.256  0.0024192
3.257  0.0023933
3.258  0.0023677
3.259  0.0023424
3.260  0.0023174
3.261  0.0022926
3.262  0.0022681
3.263  0.0022438
3.264  0.0022197
3.265  0.0021960
3.266  0.0021724
3.267  0.0021491
3.268  0.0021261
3.269  0.0021033
3.270  0.0020807
3.271  0.0020584
3.272  0.0020362
3.273  0.0020144
3.274  0.0019927
3.275  0.0019713
3.276  0.0019501
3.277  0.0019291
3.278  0.0019083
3.279  0.0018878
3.280  0.0018674
3.281  0.0018473
3.282  0.0018274
3.283  0.0018077
3.284  0.0017882
3.285  0.0017689
3.286  0.0017498
3.287  0.0017309
3.288  0.0017122
3.289  0.0016936
3.290  0.0016753
3.291  0.0016572
3.292  0.0016393
3.293  0.0016215
3.294  0.0016040
3.295  0.0015866
3.296  0.0015694
3.297  0.0015524
3.298  0.0015356
3.299  0.0015189
3.300  0.0015024
3.301  0.0014861
3.302  0.0014700
3.303  0.0014540
3.304  0.0014382
3.305  0.0014226
3.306  0.0014071
3.307  0.0013918
3.308  0.0013766
3.309  0.0013617
3.310  0.0013468
3.311  0.0013322
3.312  0.0013176
3.313  0.0013033
3.314  0.0012891
3.315  0.0012750
3.316  0.0012611
3.317  0.0012473
3.318  0.0012337
3.319  0.0012202
3.320  0.0012069
3.321  0.0011937
3.322  0.0011807
3.323  0.0011677
3.324  0.0011550
3.325  0.0011423
3.326  0.0011298
3.327  0.0011174
3.328  0.0011052
3.329  0.0010931
3.330  0.0010811
3.331  0.0010692
3.332  0.0010575
3.333  0.0010459
3.334  0.0010344
3.335  0.0010231
3.336  0.0010118
3.337  0.0010007
3.338  0.0009897
3.339  0.0009788
3.340  0.0009681
3.341  0.0009574
3.342  0.0009469
3.343  0.0009364
3.344  0.0009261
3.345  0.0009159
3.346  0.0009058
3.347  0.0008958
3.348  0.0008860
3.349  0.0008762
3.350  0.0008665
3.351  0.0008570
3.352  0.0008475
3.353  0.0008381
3.354  0.0008289
3.355  0.0008197
3.356  0.0008106
3.357  0.0008017
3.358  0.0007928
3.359  0.0007840
3.360  0.0007754
3.361  0.0007668
3.362  0.0007583
3.363  0.0007499
3.364  0.0007416
3.365  0.0007333
3.366  0.0007252
3.367  0.0007172
3.368  0.0007092
3.369  0.0007013
3.370  0.0006935
3.371  0.0006858
3.372  0.0006782
3.373  0.0006707
3.374  0.0006632
3.375  0.0006559
3.376  0.0006486
3.377  0.0006413
3.378  0.0006342
3.379  0.0006271
3.380  0.0006202
3.381  0.0006132
3.382  0.0006064
3.383  0.0005997
3.384  0.0005930
3.385  0.0005864
3.386  0.0005798
3.387  0.0005733
3.388  0.0005669
3.389  0.0005606
3.390  0.0005543
3.391  0.0005481
3.392  0.0005420
3.393  0.0005360
3.394  0.0005300
3.395  0.0005240
3.396  0.0005182
3.397  0.0005124
3.398  0.0005066
3.399  0.0005010
3.400  0.0004953
3.401  0.0004898
3.402  0.0004843
3.403  0.0004789
3.404  0.0004735
3.405  0.0004682
3.406  0.0004629
3.407  0.0004577
3.408  0.0004526
3.409  0.0004475
3.410  0.0004425
3.411  0.0004375
3.412  0.0004326
3.413  0.0004277
3.414  0.0004229
3.415  0.0004182
3.416  0.0004135
3.417  0.0004088
3.418  0.0004042
3.419  0.0003996
3.420  0.0003951
3.421  0.0003907
3.422  0.0003863
3.423  0.0003819
3.424  0.0003776
3.425  0.0003734
3.426  0.0003692
3.427  0.0003650
3.428  0.0003609
3.429  0.0003568
3.430  0.0003528
3.431  0.0003488
3.432  0.0003448
3.433  0.0003409
3.434  0.0003371
3.435  0.0003333
3.436  0.0003295
3.437  0.0003258
3.438  0.0003221
3.439  0.0003184
3.440  0.0003148
3.441  0.0003112
3.442  0.0003077
3.443  0.0003042
3.444  0.0003008
3.445  0.0002974
3.446  0.0002940
3.447  0.0002907
3.448  0.0002874
3.449  0.0002841
3.450  0.0002809
3.451  0.0002777
3.452  0.0002745
3.453  0.0002714
3.454  0.0002683
3.455  0.0002653
3.456  0.0002622
3.457  0.0002593
3.458  0.0002563
3.459  0.0002534
3.460  0.0002505
3.461  0.0002477
3.462  0.0002448
3.463  0.0002420
3.464  0.0002393
3.465  0.0002366
3.466  0.0002339
3.467  0.0002312
3.468  0.0002286
3.469  0.0002259
3.470  0.0002234
3.471  0.0002208
3.472  0.0002183
3.473  0.0002158
3.474  0.0002133
3.475  0.0002109
3.476  0.0002085
3.477  0.0002061
3.478  0.0002037
3.479  0.0002014
3.480  0.0001991
3.481  0.0001968
3.482  0.0001946
3.483  0.0001923
3.484  0.0001901
3.485  0.0001880
3.486  0.0001858
3.487  0.0001837
3.488  0.0001816
3.489  0.0001795
3.490  0.0001774
3.491  0.0001754
3.492  0.0001734
3.493  0.0001714
3.494  0.0001694
3.495  0.0001675
3.496  0.0001655
3.497  0.0001636
3.498  0.0001618
3.499  0.0001599
3.500  0.0001581
3.501  0.0001562
3.502  0.0001545
3.503  0.0001527
3.504  0.0001509
3.505  0.0001492
3.506  0.0001475
3.507  0.0001458
3.508  0.0001441
3.509  0.0001424
3.510  0.0001408
3.511  0.0001392
3.512  0.0001376
3.513  0.0001360
3.514  0.0001344
3.515  0.0001328
3.516  0.0001313
3.517  0.0001298
3.518  0.0001283
3.519  0.0001268
3.520  0.0001254
3.521  0.0001239
3.522  0.0001225
3.523  0.0001211
3.524  0.0001197
3.525  0.0001183
3.526  0.0001169
3.527  0.0001155
3.528  0.0001142
3.529  0.0001129
3.530  0.0001116
3.531  0.0001103
3.532  0.0001090
3.533  0.0001077
3.534  0.0001065
3.535  0.0001053
3.536  0.0001040
3.537  0.0001028
3.538  0.0001016
3.539  0.0001005
3.540  0.0000993
3.541  0.0000981
3.542  0.0000970
3.543  0.0000959
3.544  0.0000948
3.545  0.0000937
3.546  0.0000926
3.547  0.0000915
3.548  0.0000904
3.549  0.0000894
3.550  0.0000883
3.551  0.0000873
3.552  0.0000863
3.553  0.0000853
3.554  0.0000843
3.555  0.0000833
3.556  0.0000824
3.557  0.0000814
3.558  0.0000804
3.559  0.0000795
3.560  0.0000786
3.561  0.0000777
3.562  0.0000768
3.563  0.0000759
3.564  0.0000750
3.565  0.0000741
3.566  0.0000732
3.567  0.0000724
3.568  0.0000715
3.569  0.0000707
3.570  0.0000699
3.571  0.0000691
3.572  0.0000683
3.573  0.0000675
3.574  0.0000667
3.575  0.0000659
3.576  0.0000651
3.577  0.0000644
3.578  0.0000636
3.579  0.0000629
3.580  0.0000621
3.581  0.0000614
3.582  0.0000607
3.583  0.0000600
3.584  0.0000593
3.585  0.0000586
3.586  0.0000579
3.587  0.0000572
3.588  0.0000565
3.589  0.0000559
3.590  0.0000552
3.591  0.0000546
3.592  0.0000539
3.593  0.0000533
3.594  0.0000527
3.595  0.0000521
3.596  0.0000514
3.597  0.0000508
3.598  0.0000502
3.599  0.0000496
3.600  0.0000491
3.601  0.0000485
3.602  0.0000479
3.603  0.0000474
3.604  0.0000468
3.605  0.0000462
3.606  0.0000457
3.607  0.0000452
3.608  0.0000446
3.609  0.0000441
3.610  0.0000436
3.611  0.0000431
3.612  0.0000426
3.613  0.0000421
3.614  0.0000416
3.615  0.0000411
3.616  0.0000406
3.617  0.0000401
3.618  0.0000396
3.619  0.0000392
3.620  0.0000387
3.621  0.0000383
3.622  0.0000378
3.623  0.0000374
3.624  0.0000369
3.625  0.0000365
3.626  0.0000361
3.627  0.0000356
3.628  0.0000352
3.629  0.0000348
3.630  0.0000344
3.631  0.0000340
3.632  0.0000336
3.633  0.0000332
3.634  0.0000328
3.635  0.0000324
3.636  0.0000320
3.637  0.0000316
3.638  0.0000313
3.639  0.0000309
3.640  0.0000305
3.641  0.0000302
3.642  0.0000298
3.643  0.0000294
3.644  0.0000291
3.645  0.0000288
3.646  0.0000284
3.647  0.0000281
3.648  0.0000277
3.649  0.0000274
3.650  0.0000271
3.651  0.0000268
3.652  0.0000265
3.653  0.0000261
3.654  0.0000258
3.655  0.0000255
3.656  0.0000252
3.657  0.0000249
3.658  0.0000246
3.659  0.0000243
3.660  0.0000240
3.661  0.0000238
3.662  0.0000235
3.663  0.0000232
3.664  0.0000229
3.665  0.0000226
3.666  0.0000224
3.667  0.0000221
3.668  0.0000218
3.669  0.0000216
3.670  0.0000213
3.671  0.0000211
3.672  0.0000208
3.673  0.0000206
3.674  0.0000203
3.675  0.0000201
3.676  0.0000198
3.677  0.0000196
3.678  0.0000194
3.679  0.0000191
3.680  0.0000189
3.681  0.0000187
3.682  0.0000185
3.683  0.0000183
3.684  0.0000180
3.685  0.0000178
3.686  0.0000176
3.687  0.0000174
3.688  0.0000172
3.689  0.0000170
3.690  0.0000168
3.691  0.0000166
3.692  0.0000164
3.693  0.0000162
3.694  0.0000160
3.695  0.0000158
3.696  0.0000156
3.697  0.0000154
3.698  0.0000152
3.699  0.0000151
3.700  0.0000149
3.701  0.0000147
3.702  0.0000145
3.703  0.0000143
3.704  0.0000142
3.705  0.0000140
3.706  0.0000138
3.707  0.0000137
3.708  0.0000135
3.709  0.0000133
3.710  0.0000132
3.711  0.0000130
3.712  0.0000129
3.713  0.0000127
3.714  0.0000126
3.715  0.0000124
3.716  0.0000123
3.717  0.0000121
3.718  0.0000120
3.719  0.0000118
3.720  0.0000117
3.721  0.0000115
3.722  0.0000114
3.723  0.0000113
3.724  0.0000111
3.725  0.0000110
3.726  0.0000109
3.727  0.0000107
3.728  0.0000106
3.729  0.0000105
3.730  0.0000104
3.731  0.0000102
3.732  0.0000101
3.733  0.0000100
3.734  0.0000099
3.735  0.0000098
3.736  0.0000096
3.737  0.0000095
3.738  0.0000094
3.739  0.0000093
3.740  0.0000092
3.741  0.0000091
3.742  0.0000090
3.743  0.0000089
3.744  0.0000087
3.745  0.0000086
3.746  0.0000085
3.747  0.0000084
3.748  0.0000083
3.749  0.0000082
3.750  0.0000081
3.751  0.0000080
3.752  0.0000079
3.753  0.0000078
3.754  0.0000077
3.755  0.0000077
3.756  0.0000076
3.757  0.0000075
3.758  0.0000074
3.759  0.0000073
3.760  0.0000072
3.761  0.0000071
3.762  0.0000070
3.763  0.0000069
3.764  0.0000069
3.765  0.0000068
3.766  0.0000067
3.767  0.0000066
3.768  0.0000065
3.769  0.0000065
3.770  0.0000064
3.771  0.0000063
3.772  0.0000062
3.773  0.0000061
3.774  0.0000061
3.775  0.0000060
3.776  0.0000059
3.777  0.0000059
3.778  0.0000058
3.779  0.0000057
3.780  0.0000056
3.781  0.0000056
3.782  0.0000055
3.783  0.0000054
3.784  0.0000054
3.785  0.0000053
3.786  0.0000052
3.787  0.0000052
3.788  0.0000051
3.789  0.0000051
3.790  0.0000050
3.791  0.0000049
3.792  0.0000049
3.793  0.0000048
3.794  0.0000048
3.795  0.0000047
3.796  0.0000046
3.797  0.0000046
3.798  0.0000045
3.799  0.0000045
3.800  0.0000044
3.801  0.0000044
3.802  0.0000043
3.803  0.0000043
3.804  0.0000042
3.805  0.0000042
3.806  0.0000041
3.807  0.0000041
3.808  0.0000040
3.809  0.0000040
3.810  0.0000039
3.811  0.0000039
3.812  0.0000038
3.813  0.0000038
3.814  0.0000037
3.815  0.0000037
3.816  0.0000036
3.817  0.0000036
3.818  0.0000035
3.819  0.0000035
3.820  0.0000035
3.821  0.0000034
3.822  0.0000034
3.823  0.0000033
3.824  0.0000033
3.825  0.0000033
3.826  0.0000032
3.827  0.0000032
3.828  0.0000031
3.829  0.0000031
3.830  0.0000031
3.831  0.0000030
3.832  0.0000030
3.833  0.0000030
3.834  0.0000029
3.835  0.0000029
3.836  0.0000028
3.837  0.0000028
3.838  0.0000028
3.839  0.0000027
3.840  0.0000027
3.841  0.0000027
3.842  0.0000026
3.843  0.0000026
3.844  0.0000026
3.845  0.0000025
3.846  0.0000025
3.847  0.0000025
3.848  0.0000025
3.849  0.0000024
3.850  0.0000024
3.851  0.0000024
3.852  0.0000023
3.853  0.0000023
3.854  0.0000023
3.855  0.0000023
3.856  0.0000022
3.857  0.0000022
3.858  0.0000022
3.859  0.0000021
3.860  0.0000021
3.861  0.0000021
3.862  0.0000021
3.863  0.0000020
3.864  0.0000020
3.865  0.0000020
3.866  0.0000020
3.867  0.0000019
3.868  0.0000019
3.869  0.0000019
3.870  0.0000019
3.871  0.0000018
3.872  0.0000018
3.873  0.0000018
3.874  0.0000018
3.875  0.0000018
3.876  0.0000017
3.877  0.0000017
3.878  0.0000017
3.879  0.0000017
3.880  0.0000017
3.881  0.0000016
3.882  0.0000016
3.883  0.0000016
3.884  0.0000016
3.885  0.0000016
3.886  0.0000015
3.887  0.0000015
3.888  0.0000015
3.889  0.0000015
3.890  0.0000015
3.891  0.0000014
3.892  0.0000014
3.893  0.0000014
3.894  0.0000014
3.895  0.0000014
3.896  0.0000014
3.897  0.0000013
3.898  0.0000013
3.899  0.0000013
3.900  0.0000013
3.901  0.0000013
3.902  0.0000013
3.903  0.0000012
3.904  0.0000012
3.905  0.0000012
3.906  0.0000012
3.907  0.0000012
3.908  0.0000012
3.909  0.0000012
3.910  0.0000011
3.911  0.0000011
3.912  0.0000011
3.913  0.0000011
3.914  0.0000011
3.915  0.0000011
3.916  0.0000011
3.917  0.0000010
3.918  0.0000010
3.919  0.0000010
3.920  0.0000010
3.921  0.0000010
3.922  0.0000010
3.923  0.0000010
3.924  0.0000010
3.925  0.0000009
3.926  0.0000009
3.927  0.0000009
3.928  0.0000009
3.929  0.0000009
3.930  0.0000009
3.931  0.0000009
3.932  0.0000009
3.933  0.0000009
3.934  0.0000008
3.935  0.0000008
3.936  0.0000008
3.937  0.0000008
3.938  0.0000008
3.939  0.0000008
3.940  0.0000008
3.941  0.0000008
3.942  0.0000008
3.943  0.0000008
3.944  0.0000007
3.945  0.0000007
3.946  0.0000007
3.947  0.0000007
3.948  0.0000007
3.949  0.0000007
3.950  0.0000007
3.951  0.0000007
3.952  0.0000007
3.953  0.0000007
3.954  0.0000007
3.955  0.0000007
3.956  0.0000006
3.957  0.0000006
3.958  0.0000006
3.959  0.0000006
3.960  0.0000006
3.961  0.0000006
3.962  0.0000006
3.963  0.0000006
3.964  0.0000006
3.965  0.0000006
3.966  0.0000006
3.967  0.0000006
3.968  0.0000006
3.969  0.0000005
3.970  0.0000005
3.971  0.0000005
3.972  0.0000005
3.973  0.0000005
3.974  0.0000005
3.975  0.0000005
3.976  0.0000005
3.977  0.0000005
3.978  0.0000005
3.979  0.0000005
3.980  0.0000005
3.981  0.0000005
3.982  0.0000005
3.983  0.0000005
3.984  0.0000005
3.985  0.0000004
3.986  0.0000004
3.987  0.0000004
3.988  0.0000004
3.989  0.0000004
3.990  0.0000004
3.991  0.0000004
3.992  0.0000004
3.993  0.0000004
3.994  0.0000004
3.995  0.0000004
3.996  0.0000004
3.997  0.0000004
3.998  0.0000004
3.999  0.0000004
4.000  0.0000004
4.001  0.0000004
4.002  0.0000004
4.003  0.0000004
4.004  0.0000004
4.005  0.0000003
4.006  0.0000003
4.007  0.0000003
4.008  0.0000003
4.009  0.0000003
4.010  0.0000003
4.011  0.0000003
4.012  0.0000003
4.013  0.0000003
4.014  0.0000003
4.015  0.0000003
4.016  0.0000003
4.017  0.0000003
4.018  0.0000003
4.019  0.0000003
4.020  0.0000003
4.021  0.0000003
4.022  0.0000003
4.023  0.0000003
4.024  0.0000003
4.025  0.0000003
4.026  0.0000003
4.027  0.0000003
4.028  0.0000003
4.029  0.0000003
4.030  0.0000003
4.031  0.0000003
4.032  0.0000002
4.033  0.0000002
4.034  0.0000002
4.035  0.0000002
4.036  0.0000002
4.037  0.0000002
4.038  0.0000002
4.039  0.0000002
4.040  0.0000002
4.041  0.0000002
4.042  0.0000002
4.043  0.0000002
4.044  0.0000002
4.045  0.0000002
4.046  0.0000002
4.047  0.0000002
4.048  0.0000002
4.049  0.0000002
4.050  0.0000002
4.051  0.0000002
4.052  0.0000002
4.053  0.0000002
4.054  0.0000002
4.055  0.0000002
4.056  0.0000002
4.057  0.0000002
4.058  0.0000002
4.059  0.0000002
4.060  0.0000002
4.061  0.0000002
4.062  0.0000002
4.063  0.0000002
4.064  0.0000002
4.065  0.0000002
4.066  0.0000002
4.067  0.0000002
4.068  0.0000002
4.069  0.0000002
4.070  0.0000002
4.071  0.0000002
4.072  0.0000002
4.073  0.0000001
4.074  0.0000001
4.075  0.0000001
4.076  0.0000001
4.077  0.0000001
4.078  0.0000001
4.079  0.0000001
4.080  0.0000001
4.081  0.0000001
4.082  0.0000001
4.083  0.0000001
4.084  0.0000001
4.085  0.0000001
4.086  0.0000001
4.087  0.0000001
4.088  0.0000001
4.089  0.0000001
4.090  0.0000001
4.091  0.0000001
4.092  0.0000001
4.093  0.0000001
4.094  0.0000001
4.095  0.0000001
4.096  0.0000001
4.097  0.0000001
4.098  0.0000001
4.099  0.0000001
4.100  0.0000001
4.101  0.0000001
4.102  0.0000001
4.103  0.0000001
4.104  0.0000001
4.105  0.0000001
4.106  0.0000001
4.107  0.0000001
4.108  0.0000001
4.109  0.0000001
4.110  0.0000001
4.111  0.0000001
4.112  0.0000001
4.113  0.0000001
4.114  0.0000001
4.115  0.0000001
4.116  0.0000001
4.117  0.0000001
4.118  0.0000001
4.119  0.0000001
4.120  0.0000001
4.121  0.0000001
4.122  0.0000001
4.123  0.0000001
4.124  0.0000001
4.125  0.0000001
4.126  0.0000001
4.127  0.0000001
4.128  0.0000001
4.129  0.0000001
4.130  0.0000001
4.131  0.0000001
4.132  0.0000001
4.133  0.0000001
4.134  0.0000001
4.135  0.0000001
4.136  0.0000001
4.137  0.0000001
4.138  0.0000001
4.139  0.0000001
4.140  0.0000001
4.141  0.0000001
4.142  0.0000001
4.143  0.0000001
4.144  0.0000001
4.145  0.0000001
4.146  0.0000001
4.147  0.0000001
4.148  0.0000001
4.149  0.0000001
4.150  0.0000001
4.151  0.0000001
4.152  0.0000001
4.153  0.0000001
4.154  0.0000001
4.155  0.0000001
4.156  0.0000001
4.157  0.0000001
4.158  0.0000001
4.159  0.0000001
4.160  0.0000000
4.161  0.0000000
4.162  0.0000000
4.163  0.0000000
4.164  0.0000000
4.165  0.0000000
4.166  0.0000000
4.167  0.0000000
4.168  0.0000000
4.169  0.0000000
4.170  0.0000000
4.171  0.0000000
4.172  0.0000000
4.173  0.0000000
4.174  0.0000000
4.175  0.0000000
4.176  0.0000000
4.177  0.0000000
4.178  0.0000000
4.179  0.0000000
4.180  0.0000000
4.181  0.0000000
4.182  0.0000000
4.183  0.0000000
4.184  0.0000000
4.185  0.0000000
4.186  0.0000000
4.187  0.0000000
4.188  0.0000000
4.189  0.0000000
4.190  0.0000000
4.191  0.0000000
4.192  0.0000000
4.193  0.0000000
4.194  0.0000000
4.195  0.0000000
4.196  0.0000000
4.197  0.0000000
4.198  0.0000000
4.199  0.0000000
4.200  0.0000000
4.201  0.0000000
4.202  0.0000000
4.203  0.0000000
4.204  0.0000000
4.205  0.0000000
4.206  0.0000000
4.207  0.0000000
4.208  0.0000000
4.209  0.0000000
4.210  0.0000000
4.211  0.0000000
4.212  0.0000000
4.213  0.0000000
4.214  0.0000000
4.215  0.0000000
4.216  0.0000000
4.217  0.0000000
4.218  0.0000000
4.219  0.0000000
4.220  0.0000000
4.221  0.0000000
4.222  0.0000000
4.223  0.0000000
4.224  0.0000000
4.225  0.0000000
4.226  0.0000000
4.227  0.0000000
4.228  0.0000000
4.229  0.0000000
4.230  0.0000000
4.231  0.0000000
4.232  0.0000000
4.233  0.0000000
4.234  0.0000000
4.235  0.0000000
4.236  0.0000000
4.237  0.0000000
4.238  0.0000000
4.239  0.0000000
4.240  0.0000000
4.241  0.0000000
4.242  0.0000000
4.243  0.0000000
4.244  0.0000000
4.245  0.0000000
4.246  0.0000000
4.247  0.0000000
4.248  0.0000000
4.249  0.0000000
4.250  0.0000000
4.251  0.0000000
4.252  0.0000000
4.253  0.0000000
4.254  0.0000000
4.255  0.0000000
4.256  0.0000000
4.257  0.0000000
4.258  0.0000000
4.259  0.0000000
4.260  0.0000000
4.261  0.0000000
4.262  0.0000000
4.263  0.0000000
4.264  0.0000000
4.265  0.0000000
4.266  0.0000000
4.267  0.0000000
4.268  0.0000000
4.269  0.0000000
4.270  0.0000000
4.271  0.0000000
4.272  0.0000000
4.273  0.0000000
4.274  0.0000000
4.275  0.0000000
4.276  0.0000000
4.277  0.0000000
4.278  0.0000000
4.279  0.0000000
4.280  0.0000000
4.281  0.0000000
4.282  0.0000000
4.283  0.0000000
4.284  0.0000000
4.285  0.0000000
4.286  0.0000000
4.287  0.0000000
4.288  0.0000000
4.289  0.0000000
4.290  0.0000000
4.291  0.0000000
4.292  0.0000000
4.293  0.0000000
4.294  0.0000000
4.295  0.0000000
4.296  0.0000000
4.297  0.0000000
4.298  0.0000000
4.299  0.0000000
4.300  0.0000000
4.301  0.0000000
4.302  0.0000000
4.303  0.0000000
4.304  0.0000000
4.305  0.0000000
4.306  0.0000000
4.307  0.0000000
4.308  0.0000000
4.309  0.0000000
4.310  0.0000000
4.311  0.0000000
4.312  0.0000000
4.313  0.0000000
4.314  0.0000000
4.315  0.0000000
4.316  0.0000000
4.317  0.0000000
4.318  0.0000000
4.319  0.0000000
4.320  0.0000000
4.321  0.0000000
4.322  0.0000000
4.323  0.0000000
4.324  0.0000000
4.325  0.0000000
4.326  0.0000000
4.327  0.0000000
4.328  0.0000000
4.329  0.0000000
4.330  0.0000000
4.331  0.0000000
4.332  0.0000000
4.333  0.0000000
4.334  0.0000000
4.335  0.0000000
4.336  0.0000000
4.337  0.0000000
4.338  0.0000000
4.339  0.0000000
4.340  0.0000000
4.341  0.0000000
4.342  0.0000000
4.343  0.0000000
4.344  0.0000000
4.345  0.0000000
4.346  0.0000000
4.347  0.0000000
4.348  0.0000000
4.349  0.0000000
4.350  0.0000000
4.351  0.0000000
4.352  0.0000000
4.353  0.0000000
4.354  0.0000000
4.355  0.0000000
4.356  0.0000000
4.357  0.0000000
4.358  0.0000000
4.359  0.0000000
4.360  0.0000000
4.361  0.0000000
4.362  0.0000000
4.363  0.0000000
4.364  0.0000000
4.365  0.0000000
4.366  0.0000000
4.367  0.0000000
4.368  0.0000000
4.369  0.0000000
4.370  0.0000000
4.371  0.0000000
4.372  0.0000000
4.373  0.0000000
4.374  0.0000000
4.375  0.0000000
4.376  0.0000000
4.377  0.0000000
4.378  0.0000000
4.379  0.0000000
4.380  0.0000000
4.381  0.0000000
4.382  0.0000000
4.383  0.0000000
4.384  0.0000000
4.385  0.0000000
4.386  0.0000000
4.387  0.0000000
4.388  0.0000000
4.389  0.0000000
4.390  0.0000000
4.391  0.0000000
4.392  0.0000000
4.393  0.0000000
4.394  0.0000000
4.395  0.0000000
4.396  0.0000000
4.397  0.0000000
4.398  0.0000000
4.399  0.0000000
4.400  0.0000000
4.401  0.0000000
4.402  0.0000000
4.403  0.0000000
4.404  0.0000000
4.405  0.0000000
4.406  0.0000000
4.407  0.0000000
4.408  0.0000000
4.409  0.0000000
4.410  0.0000000
4.411  0.0000000
4.412  0.0000000
4.413  0.0000000
4.414  0.0000000
4.415  0.0000000
4.416  0.0000000
4.417  0.0000000
4.418  0.0000000
4.419  0.0000000
4.420  0.0000000
4.421  0.0000000
4.422  0.0000000
4.423  0.0000000
4.424  0.0000000
4.425  0.0000000
4.426  0.0000000
4.427  0.0000000
4.428  0.0000000
4.429  0.0000000
4.430  0.0000000
4.431  0.0000000
4.432  0.0000000
4.433  0.0000000
4.434  0.0000000
4.435  0.0000000
4.436  0.0000000
4.437  0.0000000
4.438  0.0000000
4.439  0.0000000
4.440  0.0000000
4.441  0.0000000
4.442  0.0000000
4.443  0.0000000
4.444  0.0000000
4.445  0.0000000
4.446  0.0000000
4.447  0.0000000
4.448  0.0000000
4.449  0.0000000
4.450  0.0000000
4.451  0.0000000
4.452  0.0000000
4.453  0.0000000
4.454  0.0000000
4.455  0.0000000
4.456  0.0000000
4.457  0.0000000
4.458  0.0000000
4.459  0.0000000
4.460  0.0000000
4.461  0.0000000
4.462  0.0000000
4.463  0.0000000
4.464  0.0000000
4.465  0.0000000
4.466  0.0000000
3.400  0.0004953
3.401  0.0004898
3.402  0.0004843
